county_name,population,03_04,03_05,03_06,03_09,03_10,03_11,03_12,03_13,03_15,03_16,03_17,03_18,03_19,03_20,03_21,03_22,03_23,03_24,03_25,03_26,03_27,03_28,03_29,03_30,03_31,04_01,04_02,04_03,04_04,04_05,04_06,04_07,04_08,04_09,04_10,04_11,04_12,04_13,04_14,04_15,04_16,04_17,04_18,04_19,04_20,04_21,04_22,04_23,04_24,04_25,04_26,04_27,04_28,04_29,04_30,05_01,05_02,05_03,05_04,05_05,05_06,05_07,05_08,05_09,05_10,05_11,05_12,05_13,05_14,05_15,05_16,05_17,05_18,05_19,05_20,05_21,05_22,05_23,05_24,05_25,05_26,05_27,05_28,05_29,05_30,05_31,06_01,06_02,06_03,06_04,06_05,06_06,06_07,06_08,06_09,06_10,06_11,06_12,06_13,06_14,06_15,06_16,06_17,06_18,06_19,06_20,06_21,06_22,06_23,06_24,06_25,06_26,06_27,06_28,06_29,06_30
Anderson,58199,0,0,0,0,0,0,0,0,0,0,0,0,0,0,0,0,0,0,0,0,0,0,0,0,0,1,1,1,1,1,1,1,1,2,2,3,3,3,3,4,6,6,6,8,8,10,14,14,16,16,18,19,23,23,29,30,32,32,32,34,38,40,41,41,41,41,50,50,51,52,54,54,54,60,61,63,64,66,66,66,66,66,66,72,72,72,72,76,78,85,87,85,85,85,91,91,95,95,102,102,102,989,990,1003,1007,1006,1006,1006,1009,1013,1014,1017,1017,1016,1016,1032
Andrews,22269,0,0,0,0,0,0,0,0,0,0,0,0,0,0,0,0,0,0,0,0,0,0,0,0,0,0,0,0,1,6,6,10,10,10,11,11,11,12,13,13,19,19,19,19,19,19,19,19,19,19,19,19,19,19,19,20,20,21,21,21,21,21,21,21,21,21,22,22,22,22,22,22,22,22,22,22,23,23,24,27,27,27,27,27,27,27,27,27,27,27,27,27,27,27,27,27,27,27,28,28,28,30,30,33,35,42,44,44,44,46,51,56,63,73,73,75
Angelina,90437,0,0,0,0,0,0,0,0,0,0,0,0,0,0,0,0,0,0,0,1,1,1,3,3,4,5,5,8,10,10,14,14,14,15,16,16,16,16,17,17,20,23,23,23,23,27,30,31,33,36,36,36,46,49,53,54,55,55,55,79,86,93,100,100,100,100,117,117,119,131,139,139,139,154,154,168,172,175,175,175,175,193,201,203,205,205,205,215,232,232,232,237,237,237,237,281,281,309,309,309,309,331,352,352,366,380,380,380,415,426,445,464,464,464,464,476
Aransas,27699,0,0,0,0,0,0,0,0,0,0,0,0,0,0,0,0,0,0,0,0,0,0,0,0,0,0,0,0,0,1,1,1,2,2,2,2,2,2,2,2,2,2,2,2,2,2,2,2,2,2,2,2,2,2,2,2,2,2,2,2,2,2,2,2,2,2,2,2,3,3,3,3,3,3,4,5,5,5,5,5,5,5,5,5,5,5,5,5,5,5,5,5,5,5,5,5,5,6,6,6,6,7,7,7,7,7,7,7,10,10,10,12,16,17,20,23
Archer,8344,0,0,0,0,0,0,0,0,0,0,0,0,0,0,0,0,0,0,0,0,0,0,0,0,0,0,0,0,0,0,0,0,0,0,0,0,0,0,0,0,0,0,0,0,0,0,0,0,0,0,0,0,0,0,0,0,0,0,0,0,0,0,0,0,0,0,0,0,0,1,1,1,1,1,1,1,1,1,1,1,1,1,1,1,1,1,1,1,1,1,2,2,2,2,3,3,3,3,3,3,3,3,3,3,3,3,3,3,4,5,5,5,6,6,6,7
Armstrong,1948,0,0,0,0,0,0,0,0,0,0,0,0,0,0,0,0,0,0,0,0,0,0,0,0,0,0,0,0,0,0,0,0,0,0,0,0,0,0,1,1,1,1,1,1,1,1,1,1,1,2,2,2,2,2,2,2,2,2,2,2,2,2,2,2,2,2,2,2,2,2,2,2,2,2,2,2,2,2,2,2,2,2,2,3,3,3,3,3,3,3,3,3,3,3,3,3,3,2,2,2,2,2,3,3,3,3,3,3,3,3,3,3,3,3,3,3
Atascosa,51831,0,0,0,0,0,0,0,0,0,0,0,0,0,0,0,0,0,0,2,2,2,2,2,2,2,2,2,2,2,2,3,4,5,5,7,8,9,9,9,9,9,9,10,10,12,14,14,14,14,14,14,14,16,16,19,19,19,19,19,19,21,22,22,22,22,24,27,27,27,30,30,30,30,32,32,35,35,35,35,35,35,35,35,35,35,37,37,37,37,38,41,41,42,42,42,45,43,43,42,42,42,42,42,45,62,69,70,70,79,84,87,85,87,90,90,106
Austin,30402,0,0,0,0,0,0,0,0,0,0,0,0,0,0,0,0,0,0,1,1,1,1,2,2,2,2,4,4,4,5,5,6,7,7,8,8,10,11,12,12,12,12,12,12,12,12,12,12,12,12,12,12,12,13,13,13,13,13,13,13,14,14,14,15,15,15,15,15,16,17,19,19,19,20,20,21,21,21,22,22,22,24,24,25,25,26,27,27,27,27,29,29,29,29,32,31,31,33,34,34,34,36,37,42,42,43,45,48,56,57,57,60,61,67,69,71
Bailey,7692,0,0,0,0,0,0,0,0,0,0,0,0,0,0,0,0,0,0,0,0,0,0,0,0,0,0,0,0,0,0,0,0,0,0,0,0,0,0,0,0,0,0,0,0,0,0,0,0,0,0,0,0,0,0,0,0,0,0,0,1,2,2,2,2,3,3,3,3,3,3,6,6,8,10,10,10,10,10,10,10,10,14,14,16,17,17,17,17,19,19,24,26,26,26,26,28,29,30,34,34,34,40,52,83,83,83,83,86,88,86,87,88,93,93,93,94
Bandera,21246,0,0,0,0,0,0,0,0,0,0,0,0,0,0,0,0,0,0,0,0,0,0,0,0,0,0,0,0,0,0,0,0,0,1,1,2,2,2,2,2,3,4,4,4,4,4,4,4,4,4,6,6,6,6,6,6,6,6,6,6,6,6,6,6,6,6,6,6,6,6,6,6,6,6,6,6,6,6,6,6,6,6,6,6,6,6,6,6,6,6,6,6,6,6,6,6,6,7,7,7,7,7,7,8,13,15,15,15,16,15,15,16,16,16,16,16
Bastrop,86105,0,0,0,0,0,0,0,0,0,0,0,0,0,0,0,0,0,0,1,2,2,4,5,6,6,7,7,7,7,9,11,15,17,16,19,20,19,19,19,32,37,42,42,43,44,49,51,53,57,57,58,59,59,67,73,82,83,86,89,98,100,107,106,108,109,110,117,120,125,128,132,132,132,148,152,161,173,173,177,182,184,190,196,200,204,211,212,220,231,240,245,250,255,255,270,279,285,288,293,295,295,313,338,346,338,340,340,363,369,373,386,407,415,417,439,442
Baylor,3624,0,0,0,0,0,0,0,0,0,0,0,0,0,0,0,0,0,0,0,0,0,0,0,0,0,0,0,0,0,0,0,0,0,0,0,0,0,0,0,0,0,0,0,0,0,0,0,0,0,0,0,0,0,0,0,0,0,0,0,0,0,0,0,0,0,0,0,0,0,0,0,0,0,0,0,0,0,0,0,0,0,0,0,0,0,0,0,0,0,0,3,1,1,1,1,1,1,1,1,1,1,1,1,1,1,1,1,1,1,2,2,2,1,1,1,1
Bee,34445,0,0,0,0,0,0,0,0,0,0,0,0,0,0,0,0,0,0,0,0,0,0,0,0,0,0,0,0,0,0,0,0,1,1,1,2,2,2,3,3,3,5,5,5,5,5,5,6,6,5,5,5,5,5,6,6,6,6,6,6,6,6,6,6,6,6,6,6,6,6,6,6,6,6,7,8,8,8,9,9,9,9,9,9,9,9,9,10,11,11,18,22,22,22,24,26,27,31,31,31,31,32,32,32,33,34,36,36,36,36,38,39,43,43,46,46
Bell,353629,0,0,0,0,0,0,0,0,1,1,1,1,1,2,3,3,3,16,18,19,20,28,28,28,36,44,46,51,51,58,58,68,71,74,84,91,101,101,107,110,115,124,126,126,126,135,145,153,161,165,165,165,173,180,189,189,193,194,194,210,210,213,218,220,220,220,223,231,237,242,248,248,248,260,267,282,294,298,298,298,298,329,335,345,356,362,378,391,411,423,432,446,446,446,473,507,530,574,605,629,629,651,672,722,769,818,822,822,875,925,1009,1077,1128,1128,1128,1187
Bexar,2093502,0,0,0,0,0,0,0,0,3,3,3,4,6,12,24,24,24,57,69,84,113,125,140,157,168,207,229,254,342,384,410,456,503,554,615,665,723,772,794,815,890,918,959,992,1015,1029,1080,1126,1167,1195,1231,1254,1275,1307,1326,1374,1477,1585,1613,1652,1677,1761,1805,1835,1901,1901,1920,1942,1976,2041,2120,2120,2120,2192,2278,2322,2371,2392,2418,2442,2449,2480,2525,2583,2636,2825,2830,2839,2882,2953,3018,3143,3290,3311,3333,3513,3648,3840,4012,4242,4393,4437,4876,5142,5550,5962,6344,6882,7156,7467,7814,8452,8857,9652,10147,10797
Blanco,11504,0,0,0,0,0,0,0,0,0,0,0,0,0,0,0,0,0,1,1,1,1,1,1,1,1,1,1,1,2,2,1,4,4,4,4,4,4,4,4,4,4,5,4,4,4,4,5,6,6,6,6,6,6,6,6,6,6,6,6,6,6,6,6,6,6,6,6,6,6,6,6,6,6,6,7,7,8,8,8,8,8,8,8,9,10,11,11,11,11,11,11,11,11,11,12,12,11,11,11,11,11,11,12,13,14,14,14,22,24,27,27,26,26,26,27,27
Borden,685,0,0,0,0,0,0,0,0,0,0,0,0,0,0,0,0,0,0,0,0,0,0,0,0,0,0,0,0,0,0,0,0,0,0,0,0,0,0,0,0,0,0,0,0,0,0,0,0,0,0,0,0,0,0,0,0,0,0,0,0,0,0,0,0,0,0,0,0,0,0,0,0,0,0,0,0,0,0,0,0,0,0,0,0,0,0,0,0,0,0,0,0,0,0,0,0,0,0,0,0,0,0,0,0,0,0,0,0,0,0,0,0,0,0,0,0
Bosque,17765,0,0,0,0,0,0,0,0,0,0,0,0,0,0,0,0,0,0,0,0,0,0,0,0,0,0,0,0,0,0,0,0,0,0,0,0,0,0,0,1,1,1,1,1,1,3,3,3,3,3,4,4,4,4,4,4,4,4,4,5,5,5,5,5,5,5,6,6,6,6,6,6,6,6,6,6,6,6,6,6,6,6,6,6,7,7,7,7,7,7,7,7,7,7,7,7,7,7,7,7,7,7,7,7,7,7,10,10,10,10,10,10,10,10,13,13
Bowie,92570,0,0,0,0,0,0,0,0,0,0,0,1,1,1,1,1,1,1,1,1,2,3,3,4,9,9,9,10,17,17,14,17,20,23,29,30,32,32,32,37,45,53,56,57,57,64,66,66,67,67,68,68,69,69,70,74,76,76,76,79,76,76,76,76,76,76,80,82,120,122,130,133,133,137,174,176,154,154,153,153,147,156,189,191,197,265,267,270,287,296,301,312,336,336,351,358,363,367,370,373,372,377,381,384,394,398,400,400,404,406,413,415,418,418,430,427
Brazoria,375869,0,0,0,0,0,0,0,0,2,2,2,2,2,3,9,12,12,18,19,33,39,52,61,61,79,95,109,123,136,144,144,167,173,184,199,216,225,237,250,259,272,285,302,304,315,333,345,382,392,417,445,449,464,476,485,509,537,542,551,566,570,588,613,644,656,661,673,686,710,712,721,727,767,786,795,805,816,825,835,838,843,853,861,882,894,907,917,929,941,957,967,990,990,990,758,770,790,813,813,850,864,1495,1525,1558,1609,1669,1728,1762,1814,1838,1913,1986,2064,2161,2217,2269
Brazos,229410,0,0,0,0,0,0,0,0,0,0,0,1,1,2,2,2,2,12,16,21,30,36,40,44,46,53,63,68,72,75,94,94,97,108,114,116,134,140,143,149,151,158,164,169,170,170,173,177,177,181,181,182,182,188,193,197,202,208,208,209,219,232,243,256,265,271,278,287,301,305,312,318,325,333,341,362,373,383,436,438,441,444,455,463,470,477,483,487,501,517,532,565,605,626,634,665,684,710,721,781,803,821,880,1025,1095,1163,1225,1244,1260,1305,1377,1493,1615,1720,1822,1943
Brewster,9133,0,0,0,0,0,0,0,0,0,0,0,0,0,0,0,0,0,0,0,0,0,0,0,0,0,0,0,0,0,0,0,0,0,0,0,0,0,0,0,0,0,0,0,0,0,0,0,0,0,0,0,0,0,0,0,1,1,1,1,1,1,1,1,1,1,1,1,1,1,1,1,1,1,1,1,1,1,1,1,1,1,1,1,1,1,1,1,1,1,1,1,1,1,1,1,1,1,1,4,7,11,13,18,22,24,24,24,39,45,61,76,85,85,85,85,130
Briscoe,1568,0,0,0,0,0,0,0,0,0,0,0,0,0,0,0,0,0,0,0,0,0,0,0,0,0,0,0,0,0,0,0,0,0,0,0,0,0,0,0,0,0,0,0,0,0,0,0,0,0,0,0,0,0,0,0,0,1,1,1,1,1,1,1,1,1,1,1,1,1,1,1,1,1,1,1,1,1,1,1,1,1,1,1,1,1,1,1,1,1,1,1,1,1,1,1,1,1,1,1,1,1,1,1,1,1,1,1,1,1,1,2,2,2,2,2,2
Brooks,7175,0,0,0,0,0,0,0,0,0,0,0,0,0,0,0,0,0,0,0,0,0,0,0,0,0,0,0,0,0,0,0,0,0,0,0,0,0,0,0,0,0,0,0,0,0,0,1,1,1,1,1,1,1,1,1,1,1,1,1,1,1,1,1,1,1,1,1,1,1,1,1,1,1,1,1,1,1,1,1,1,1,1,1,1,1,1,1,1,1,1,1,1,1,1,1,1,1,1,1,2,2,2,2,2,2,2,3,3,3,3,3,3,3,3,3,3
Brown,38923,0,0,0,0,0,0,0,0,0,0,0,0,0,0,1,1,1,2,2,3,3,3,3,3,3,3,3,4,4,5,6,6,6,8,8,10,10,10,11,11,12,12,12,13,13,13,13,13,17,17,17,28,34,34,36,36,36,36,36,38,38,38,38,38,38,38,38,51,51,51,51,51,51,51,55,55,55,56,56,56,57,57,57,58,58,58,58,59,59,59,59,59,59,59,60,60,60,60,60,60,60,61,61,61,62,62,62,62,65,65,66,68,68,68,68,73
Burleson,17718,0,0,0,0,0,0,0,0,0,0,0,0,0,0,0,0,0,0,0,0,0,1,1,1,1,1,1,1,2,2,2,5,5,5,6,6,6,6,6,8,8,9,8,8,8,9,10,11,11,11,11,11,12,12,12,13,14,14,14,14,14,14,15,15,15,15,16,16,17,17,18,18,18,20,20,20,22,22,22,22,22,22,23,24,24,24,25,25,26,28,29,32,32,32,35,39,39,40,41,41,41,45,48,53,53,54,55,60,67,67,68,69,70,74,76,76
Burnet,48196,0,0,0,0,0,0,0,0,0,0,0,0,0,0,0,0,0,1,1,1,1,1,1,2,2,3,4,4,4,4,4,5,5,5,6,6,6,6,6,7,7,8,8,8,9,13,13,14,14,14,14,15,15,16,19,19,20,19,23,24,24,24,25,26,26,26,28,28,28,28,28,28,28,28,28,29,29,29,29,29,29,30,32,35,36,37,38,39,45,49,49,51,54,54,55,55,56,56,61,62,62,62,66,75,79,80,80,89,97,100,100,115,116,117,129,129
Caldwell,44284,0,0,0,0,0,0,0,0,0,0,0,0,0,0,0,0,0,0,0,0,0,1,1,1,1,1,1,2,3,3,4,5,5,5,6,6,6,6,6,6,7,7,7,7,8,9,8,10,10,10,11,11,11,11,14,14,20,20,21,23,24,25,25,26,27,30,31,33,33,35,36,36,36,39,39,41,49,50,50,50,51,52,57,63,64,65,66,67,73,73,74,76,77,77,79,81,85,87,95,147,147,157,170,190,197,208,216,226,275,286,286,297,303,307,332,336
Calhoun,22840,0,0,0,0,0,0,0,0,0,0,0,0,0,0,0,0,0,0,0,2,2,3,3,3,3,7,8,8,8,11,12,12,12,13,14,14,15,15,19,19,19,21,21,21,21,21,22,23,23,26,26,29,30,30,30,30,31,32,33,34,34,34,36,36,36,36,36,36,36,36,36,36,36,36,37,37,37,37,37,37,37,37,37,37,37,37,37,37,37,37,37,38,39,39,41,42,45,46,46,46,46,46,46,46,52,55,55,55,56,58,69,69,72,72,72,74
Callahan,13456,0,0,0,0,0,0,0,0,0,0,0,0,0,0,0,0,0,0,0,0,0,0,0,0,0,0,0,0,0,0,0,1,1,1,1,1,1,1,1,1,1,1,1,1,1,1,1,1,1,1,1,1,2,2,2,2,2,2,2,2,2,5,6,6,6,6,6,7,8,8,8,8,8,8,8,8,8,8,8,8,9,9,9,9,9,9,9,9,9,10,10,10,10,10,10,10,12,12,13,13,13,13,13,13,13,13,13,13,13,16,16,16,16,16,16,16
Cameron,427881,0,0,0,0,0,0,0,0,0,0,0,0,0,1,1,6,6,6,6,7,10,13,20,20,26,26,37,55,62,77,87,101,108,118,147,159,195,195,216,239,254,270,279,298,298,310,310,321,333,354,366,366,376,387,401,412,421,432,432,443,454,469,483,494,512,512,527,544,569,582,582,619,619,635,649,664,664,686,698,698,698,711,731,743,754,764,764,776,799,820,841,863,892,892,919,951,990,1031,1081,1138,1138,1178,1236,1301,1371,1454,1546,1546,1647,1758,1881,1972,2085,2183,2183,2296
Camp,13322,0,0,0,0,0,0,0,0,0,0,0,0,0,0,0,0,0,0,0,0,0,0,0,0,0,1,1,1,1,1,1,2,2,3,3,3,3,3,5,5,6,6,6,6,6,6,6,6,6,6,6,6,6,6,6,6,6,7,7,7,7,7,7,7,7,7,7,11,13,16,21,21,24,26,29,32,39,41,42,44,51,58,74,81,82,83,84,84,84,85,87,91,92,92,95,95,98,98,105,106,108,109,109,109,109,110,110,110,110,113,113,116,117,117,117,117
Carson,5799,0,0,0,0,0,0,0,0,0,0,0,0,0,0,0,0,0,0,0,0,0,0,0,0,0,0,0,0,0,0,0,0,0,0,0,0,0,0,0,0,0,0,1,1,1,1,1,1,1,1,1,1,1,2,2,2,2,3,3,3,3,3,3,3,3,3,3,3,3,3,3,4,5,5,5,6,6,6,6,6,6,6,6,6,6,6,6,6,6,6,6,6,6,6,6,6,6,6,6,6,6,6,6,6,6,6,6,6,6,6,6,6,6,6,6,6
Cass,30327,0,0,0,0,0,0,0,0,0,0,0,0,0,0,0,0,0,1,1,1,1,2,2,2,2,3,4,4,4,4,3,4,4,4,4,4,5,5,5,5,5,5,10,11,11,10,10,10,12,12,13,13,13,13,13,14,15,15,15,16,17,17,17,17,20,20,17,17,17,18,19,19,20,21,21,21,21,21,21,21,23,25,29,29,29,29,29,30,30,30,30,31,31,31,32,32,33,34,34,34,34,34,35,36,36,36,36,36,36,36,37,37,37,37,38,38
Castro,7103,0,0,0,0,0,0,0,0,0,0,0,0,0,0,1,1,2,2,3,6,7,8,8,8,8,8,8,9,10,10,10,10,10,10,10,10,11,11,11,11,11,11,11,11,11,11,12,13,13,13,13,13,13,13,13,15,15,15,18,18,20,22,22,22,23,23,23,24,25,27,26,27,27,28,28,29,31,32,32,32,32,32,32,32,33,33,33,33,33,34,34,35,35,35,36,37,37,39,42,42,42,48,48,50,51,51,51,58,63,65,70,73,74,74,74,75
Chambers,42320,0,0,0,0,0,0,0,0,0,0,0,0,0,0,1,1,1,2,2,2,2,3,3,5,8,9,9,11,11,11,11,17,19,22,24,24,29,29,29,31,33,34,35,35,35,35,36,39,41,41,41,41,41,41,41,42,43,44,45,45,45,47,47,48,49,50,50,50,50,52,52,53,53,55,58,58,58,58,59,61,61,62,62,65,67,68,68,68,69,70,73,76,76,79,83,86,88,98,104,106,109,116,128,130,138,149,156,156,175,181,191,198,250,272,272,288
Cherokee,52178,0,0,0,0,0,0,0,0,0,0,0,0,0,0,0,0,0,0,0,0,1,1,1,1,2,4,5,5,5,5,5,6,6,6,6,6,6,6,7,7,8,8,8,8,8,8,8,8,12,12,12,12,14,14,14,16,17,17,17,19,20,20,18,18,18,18,23,27,27,31,34,34,34,36,38,44,41,42,42,42,42,44,44,44,44,44,44,46,47,49,50,52,52,52,54,54,54,54,54,54,54,61,61,65,67,67,67,67,77,82,87,93,105,105,130,148
Childress,7062,0,0,0,0,0,0,0,0,0,0,0,0,0,0,0,0,0,0,0,0,0,0,0,0,0,0,0,0,0,0,0,0,0,0,0,0,0,0,0,0,0,0,0,1,1,1,1,1,1,1,1,1,1,1,1,1,1,1,1,1,1,1,1,1,2,2,2,2,2,2,2,2,2,2,2,2,2,2,2,2,2,2,2,2,2,2,2,2,2,2,2,2,2,2,4,6,6,6,6,6,6,6,6,6,6,6,6,6,6,7,7,8,7,7,7,7
Clay,9787,0,0,0,0,0,0,0,0,0,0,0,0,0,0,0,0,0,0,0,0,0,0,0,0,0,1,1,1,1,1,1,1,1,1,1,2,2,2,2,3,3,3,3,3,3,3,3,3,3,3,3,3,3,3,3,3,3,3,3,3,3,3,3,3,3,3,3,3,3,3,3,3,3,3,3,3,3,3,3,3,3,3,3,3,3,3,3,4,4,5,5,5,5,5,5,5,5,5,5,5,5,5,5,5,5,5,5,5,5,5,5,5,6,6,6,7
Cochran,3348,0,0,0,0,0,0,0,0,0,0,0,0,0,0,0,0,0,0,0,0,0,0,0,0,0,0,0,0,0,0,0,0,0,0,0,0,0,0,0,0,0,0,0,0,0,0,0,1,1,1,1,1,1,1,1,1,1,1,1,1,1,1,1,1,1,1,1,1,1,1,1,1,1,1,1,1,1,1,1,1,1,1,1,1,1,1,1,1,1,1,1,1,1,1,1,1,1,1,1,1,1,1,1,1,1,1,1,1,1,1,1,1,1,1,1,1
Coke,3215,0,0,0,0,0,0,0,0,0,0,0,0,0,0,0,0,0,0,0,0,0,0,0,0,0,0,0,0,0,0,0,0,0,0,0,0,0,0,0,0,0,0,0,0,0,0,0,0,0,0,0,0,0,0,0,0,0,0,0,1,1,1,1,1,1,1,1,1,1,1,1,1,1,1,1,1,1,1,1,1,1,1,1,1,1,1,1,1,1,1,1,1,1,1,1,1,2,4,4,4,4,4,4,4,4,4,4,4,5,5,5,5,5,5,5,5
Coleman,8478,0,0,0,0,0,0,0,0,0,0,0,0,0,0,0,0,0,0,0,0,0,0,0,0,0,0,0,0,0,0,0,0,0,0,0,0,0,0,0,0,0,0,0,0,0,0,0,0,0,0,0,0,0,0,0,0,1,1,1,1,1,2,2,2,2,2,2,2,2,2,2,2,2,2,2,2,2,2,2,2,2,2,3,3,3,3,3,3,4,4,4,3,3,3,3,3,3,3,3,3,3,3,3,3,3,3,3,3,3,3,3,3,3,3,3,3
Collin,1039369,0,0,0,1,3,3,3,3,6,6,6,6,7,12,14,21,24,38,45,53,88,118,128,134,160,184,184,227,256,256,287,306,343,378,406,425,441,453,472,477,494,505,521,522,527,544,570,584,609,639,654,663,676,692,710,724,766,784,789,804,828,839,857,887,901,918,939,963,978,993,1008,1016,1028,1047,1073,1090,1118,1132,1136,1151,1157,1189,1217,1236,1278,1297,1312,1312,1346,1388,1430,1447,1447,1447,1528,1546,1553,1560,1638,1647,1667,1787,1866,1967,2026,2064,2189,2223,2250,2359,2449,2486,2532,2671,2763,2882
Collingsworth,3210,0,0,0,0,0,0,0,0,0,0,0,0,0,0,0,0,0,0,0,0,0,0,0,0,0,0,0,0,0,0,0,0,0,0,0,0,0,0,0,0,0,0,0,0,0,0,0,0,0,0,0,0,0,0,0,0,0,0,0,1,1,1,1,1,4,4,4,4,4,4,4,4,4,4,4,4,4,4,4,4,5,5,5,5,5,5,5,5,5,5,5,5,5,5,5,5,5,5,5,5,5,5,5,5,5,5,5,5,5,5,5,5,6,6,6,6
Colorado,21273,0,0,0,0,0,0,0,0,0,0,0,0,0,0,0,0,0,0,0,0,0,0,0,0,0,2,2,2,2,2,2,3,6,6,6,7,7,7,7,7,7,7,8,8,8,9,9,10,10,10,10,10,10,10,10,11,11,10,10,10,12,12,13,16,16,16,16,18,18,18,18,18,18,19,19,19,19,19,19,20,20,21,22,22,22,22,22,23,23,24,24,24,24,24,26,27,28,31,33,33,34,36,41,44,46,55,55,55,55,58,66,71,82,87,87,87
Comal,147330,0,0,0,0,0,0,0,0,0,0,0,0,0,0,0,3,3,4,5,7,9,9,9,9,11,11,12,18,18,21,21,22,27,29,34,37,37,37,38,39,43,43,43,43,43,43,45,47,48,48,48,48,49,52,54,55,58,58,58,58,59,61,65,65,65,65,65,68,68,68,70,70,70,71,72,78,81,82,82,82,82,83,87,90,94,94,99,100,108,111,113,117,117,117,121,134,137,141,151,159,159,159,197,207,219,240,280,280,280,332,374,395,435,470,470,470
Comanche,13075,0,0,0,0,0,0,0,0,0,0,0,0,0,0,0,0,0,0,0,0,0,0,0,0,0,1,1,1,1,1,1,3,3,3,3,3,3,3,3,3,3,3,3,3,3,3,3,3,3,3,3,3,3,3,3,3,3,3,3,3,3,3,3,3,3,3,3,3,3,3,3,3,3,5,5,5,10,10,10,10,9,9,9,11,12,12,12,12,12,12,12,12,12,12,12,12,12,12,12,12,12,14,14,14,14,14,14,14,14,14,14,14,14,14,14,17
Concho,4147,0,0,0,0,0,0,0,0,0,0,0,0,0,0,0,0,0,0,0,0,0,0,0,0,0,0,0,0,0,0,0,0,0,0,1,1,1,1,1,1,1,1,1,1,1,1,1,1,1,1,1,1,1,1,1,1,1,1,1,1,1,1,1,1,1,1,1,1,1,1,1,1,1,1,1,1,1,1,1,1,1,1,1,1,1,1,1,1,1,1,1,1,1,1,1,1,1,1,1,1,1,1,1,1,1,2,2,2,2,2,4,5,7,7,7,9
Cooke,39727,0,0,0,0,0,0,0,0,0,0,0,0,0,0,0,0,0,0,0,0,0,0,0,0,0,0,0,0,0,0,0,0,0,0,1,1,1,1,1,2,2,2,3,3,3,4,4,4,4,4,4,4,4,8,7,7,8,8,9,9,11,11,11,12,12,12,12,13,13,13,13,13,13,13,13,13,13,13,13,13,13,13,13,14,14,14,14,16,18,19,20,20,20,20,20,20,23,23,23,23,23,24,26,27,27,27,27,27,30,30,30,30,35,35,35,43
Coryell,78317,0,0,0,0,0,0,0,0,0,0,0,0,0,0,0,0,0,1,1,1,1,1,1,1,1,1,1,2,4,5,8,11,12,17,18,34,34,34,34,60,70,71,75,75,75,84,86,86,103,104,105,105,105,105,155,158,160,162,162,180,190,201,205,207,208,208,211,217,220,221,224,224,224,226,225,226,226,226,226,226,227,227,227,230,231,281,282,285,289,289,289,290,289,289,296,299,296,299,299,300,300,300,303,304,305,305,310,315,321,322,321,327,326,327,330,331
Cottle,1510,0,0,0,0,0,0,0,0,0,0,0,0,0,0,0,0,0,0,0,0,0,0,0,0,0,0,0,0,0,0,0,0,0,0,0,0,0,0,0,0,0,0,0,0,0,0,0,0,0,0,0,1,1,2,2,2,2,2,2,3,3,3,3,4,4,4,4,4,4,4,4,4,4,4,4,4,4,4,4,4,4,4,4,4,4,4,4,4,4,4,4,4,4,4,4,4,4,4,4,4,4,4,4,4,4,4,4,4,4,4,4,4,4,4,4,4
Crane,6209,0,0,0,0,0,0,0,0,0,0,0,0,0,1,1,1,1,1,1,1,1,1,1,1,1,2,2,2,2,2,2,2,2,2,2,2,2,2,2,2,2,2,2,2,2,2,2,2,2,2,2,2,2,2,2,2,2,2,2,2,2,2,2,2,2,2,2,2,2,2,2,2,2,2,2,3,7,7,7,22,22,22,22,22,23,23,23,25,25,25,26,27,27,27,28,31,32,32,32,32,32,39,39,45,45,46,46,47,47,48,49,50,50,50,50,54
Crockett,4040,0,0,0,0,0,0,0,0,0,0,0,0,0,0,0,0,0,0,0,0,0,0,0,0,0,0,0,0,0,0,0,0,0,0,0,0,0,0,0,0,0,0,0,0,0,0,0,0,0,0,0,0,0,0,0,0,0,0,0,0,0,0,0,0,0,0,0,0,0,0,0,0,0,0,0,0,0,0,0,0,0,0,0,0,0,0,0,0,0,0,1,1,1,1,4,5,5,5,5,5,5,5,5,5,5,5,5,5,5,5,5,5,7,7,8,9
Crosby,6464,0,0,0,0,0,0,0,0,0,0,0,0,0,0,0,0,0,0,0,0,0,0,0,0,0,0,0,0,0,0,1,1,1,1,1,1,1,1,1,1,1,1,1,1,1,1,1,1,2,2,2,2,2,2,2,2,2,2,2,2,2,2,2,2,2,2,2,2,2,2,2,3,3,3,3,3,3,3,3,3,3,3,3,3,4,4,4,4,3,3,3,3,3,3,3,4,4,4,4,4,4,7,8,8,8,8,8,8,9,13,13,15,15,15,15,21
Culberson,2245,0,0,0,0,0,0,0,0,0,0,0,0,0,0,0,0,0,0,0,0,0,0,0,0,0,0,0,0,0,0,0,0,0,0,0,0,0,0,0,0,0,0,0,0,0,0,0,0,0,0,0,0,0,0,0,0,0,0,0,0,0,0,0,0,0,0,0,0,0,0,0,0,0,0,0,0,0,0,0,0,0,0,0,0,0,0,0,0,0,0,0,0,0,0,0,0,0,0,0,0,0,0,0,0,0,1,1,1,3,3,3,3,3,3,3,3
Dallam,7237,0,0,0,0,0,0,0,0,0,0,0,0,0,0,0,0,0,0,0,0,0,0,0,0,0,0,0,0,0,0,1,1,1,1,1,1,1,1,2,2,2,3,3,3,2,2,3,3,4,8,8,8,8,10,10,10,12,12,13,10,10,10,11,13,13,14,16,17,19,21,20,22,22,18,18,18,18,22,22,22,22,22,24,25,25,25,25,26,27,27,27,27,27,27,29,32,35,36,35,35,35,36,39,45,49,49,49,58,62,76,79,75,84,84,84,83
Dallas,2734111,0,0,0,0,0,2,3,3,8,8,9,15,20,22,30,30,33,131,169,303,367,367,439,488,549,631,731,831,921,1015,1112,1155,1261,1324,1432,1537,1644,1723,1788,1877,1986,2066,2190,2324,2428,2512,2602,2683,2763,2834,2909,3014,3105,3240,3352,3531,3718,3899,4133,4370,4623,4869,5120,5369,5619,5870,6123,6359,6602,6837,7036,7250,7455,7679,7904,7904,8273,8477,8649,8827,8998,9188,9385,9587,9787,10006,10234,10462,10719,10958,11243,11541,11830,12093,12347,12645,12945,13257,13585,13930,14232,14537,14843,15256,15648,16042,16437,16845,17299,17744,18135,18538,19034,19595,20165,20737
Dawson,13592,0,0,0,0,0,0,0,0,0,0,0,0,0,0,0,0,0,0,0,0,0,0,1,1,3,3,3,3,3,3,3,5,5,5,5,6,6,8,8,8,8,12,12,12,13,14,14,18,18,18,21,21,21,21,24,24,26,26,26,29,30,30,30,30,30,30,30,32,32,36,38,38,38,38,39,39,39,39,39,39,40,40,40,41,42,42,42,42,43,45,45,45,45,45,45,45,45,45,45,45,45,45,45,45,45,45,45,45,45,45,45,45,45,45,45,52
Deaf Smith,18143,0,0,0,0,0,0,0,0,0,0,0,0,0,0,1,1,1,2,2,2,2,2,2,2,2,2,2,3,5,5,7,7,7,7,7,7,7,8,11,11,11,11,11,12,12,14,14,17,21,21,21,25,26,26,31,31,34,35,37,38,41,41,46,46,59,59,67,92,93,119,120,122,122,133,139,141,153,157,157,157,156,158,161,162,164,164,164,163,166,166,174,176,176,176,183,190,192,203,212,212,212,222,223,226,233,233,233,242,254,262,268,284,287,287,287,292
Delta,5367,0,0,0,0,0,0,0,0,0,0,0,0,0,0,0,0,0,0,0,0,0,0,0,0,0,0,0,0,0,0,0,0,1,1,1,1,1,1,1,1,1,1,1,1,1,1,1,1,1,1,1,1,1,1,1,1,1,1,1,1,1,1,1,1,1,1,1,1,1,1,1,1,1,1,1,1,1,1,1,1,1,1,1,1,1,1,1,1,2,2,2,2,2,2,2,2,2,2,2,2,2,2,3,3,4,4,4,4,4,5,5,5,5,5,6,6
Denton,897953,0,0,0,0,0,0,0,0,0,0,1,4,4,6,11,12,12,30,30,70,83,137,148,165,191,206,231,254,273,288,304,337,366,398,426,454,474,482,507,521,547,564,585,592,593,598,619,644,661,680,702,713,725,738,748,765,786,799,803,806,832,846,872,902,914,922,946,968,989,1016,1040,1051,1069,1088,1116,1161,1188,1205,1212,1224,1233,1255,1285,1318,1329,1357,1373,1398,1416,1435,1454,1467,1486,1500,1524,1559,1599,1632,1687,1719,1736,1772,1812,1893,1980,2054,2113,2163,2219,2302,2417,2494,2581,2630,2670,2740
DeWitt,21737,0,0,0,0,0,0,0,0,0,0,0,0,1,1,1,1,1,1,1,2,3,3,3,3,3,4,4,6,6,7,7,7,7,8,8,9,9,9,10,10,10,10,13,13,13,14,14,14,14,15,15,15,15,15,15,15,15,15,15,15,15,15,15,15,15,15,17,17,17,17,17,17,17,17,17,17,17,17,17,17,17,17,17,17,17,17,17,17,17,17,18,18,18,18,23,24,25,26,28,28,28,31,31,35,35,37,37,37,42,42,43,47,56,56,56,56
Dickens,2174,0,0,0,0,0,0,0,0,0,0,0,0,0,0,0,0,0,0,0,0,0,0,0,0,0,0,0,0,0,0,0,0,1,1,1,2,2,1,1,1,1,1,1,1,1,1,1,1,1,1,1,1,1,1,1,1,1,1,1,1,1,1,1,1,1,1,1,1,1,1,1,1,1,1,1,1,1,1,1,1,1,1,1,1,1,1,1,1,1,1,1,1,1,1,1,1,1,2,2,2,2,2,2,2,2,2,2,2,2,2,2,2,2,2,2,2
Dimmit,11743,0,0,0,0,0,0,0,0,0,0,0,0,0,0,0,0,0,0,0,0,0,0,0,0,0,0,0,0,0,0,0,0,0,0,0,1,1,1,1,1,1,1,1,1,1,1,1,1,1,1,1,1,1,1,1,1,1,1,1,1,1,1,1,1,1,1,1,1,1,1,1,1,1,1,1,1,1,1,1,1,1,1,1,1,1,1,1,1,1,1,1,1,1,1,1,1,1,1,1,1,1,1,1,1,3,3,3,3,3,3,5,9,11,11,11,13
Donley,3410,0,0,0,0,0,0,0,0,0,0,0,0,0,0,0,0,0,0,0,0,0,0,0,0,0,0,1,5,5,7,7,7,13,14,21,23,22,22,22,22,23,23,23,23,23,24,24,24,24,24,24,24,24,24,24,24,25,25,25,25,25,25,25,25,26,26,25,25,25,26,25,25,26,27,26,26,26,26,26,26,26,26,26,26,26,26,26,26,26,27,27,27,27,27,27,27,27,28,28,28,28,28,27,27,27,27,27,27,27,27,27,27,27,27,27,27
Duval,11796,0,0,0,0,0,0,0,0,0,0,0,0,0,0,0,0,0,0,0,0,0,0,0,0,0,0,0,0,0,0,0,0,0,0,0,0,0,0,1,1,1,1,1,1,1,1,1,1,1,2,2,2,2,2,2,2,3,3,3,3,3,3,3,5,5,5,5,5,5,5,5,5,5,5,6,5,5,5,5,5,5,5,5,5,5,5,5,5,5,5,5,5,5,5,5,5,5,5,5,5,5,5,5,5,5,5,5,5,6,7,8,9,10,15,20,41
Eastland,18205,0,0,0,0,0,0,0,0,0,0,0,0,0,0,0,0,0,2,2,2,2,3,3,3,3,3,3,3,3,3,3,3,3,3,3,3,3,3,3,3,3,3,3,3,3,3,3,3,3,3,3,3,3,3,3,3,3,3,3,3,3,3,3,3,3,3,3,3,4,4,5,5,5,5,5,5,5,5,5,5,5,6,6,6,6,6,6,6,7,7,7,7,7,7,7,7,7,7,7,7,7,7,7,7,7,7,7,7,7,8,8,8,9,9,9,10
Ector,184841,0,0,0,0,0,0,0,0,0,0,0,0,0,0,0,0,0,0,0,0,0,0,1,3,7,11,12,15,22,22,26,30,30,34,39,40,41,43,45,46,48,55,58,58,58,60,61,62,67,67,67,70,76,78,81,78,78,81,78,84,85,90,94,95,95,99,100,100,102,103,109,114,114,115,124,130,134,136,144,146,151,152,152,152,154,154,154,161,167,175,185,187,187,187,206,214,221,227,238,238,238,260,275,289,300,325,325,325,359,396,434,480,506,506,506,558
Edwards,1991,0,0,0,0,0,0,0,0,0,0,0,0,0,0,0,0,0,0,0,0,0,0,0,0,0,0,0,0,0,0,0,0,0,0,0,0,0,0,0,0,0,0,0,0,0,0,0,0,0,0,0,0,0,0,0,0,0,0,0,0,0,0,0,0,0,0,0,0,0,0,0,0,0,0,0,0,0,0,0,0,0,0,0,0,0,0,0,0,0,0,0,0,0,0,0,0,0,0,0,0,0,0,0,0,0,0,0,0,0,0,2,2,2,2,2,2
Ellis,177721,0,0,0,0,0,0,0,0,0,0,0,0,0,2,2,3,3,5,6,6,10,13,13,15,16,20,26,27,29,29,29,35,41,50,58,66,66,66,72,76,81,82,83,83,90,100,110,111,121,127,127,133,133,143,148,148,166,166,169,176,184,188,193,202,202,211,216,221,236,241,247,247,247,258,264,266,272,272,272,272,289,290,305,309,317,317,317,325,332,338,361,364,364,364,399,418,429,437,448,448,448,458,470,490,510,510,510,510,539,684,684,684,711,711,711,820
El Paso,876120,0,0,0,0,0,0,0,0,1,1,3,3,3,3,6,6,6,7,11,21,21,31,35,40,46,50,68,78,96,106,115,125,153,192,225,252,269,292,300,346,393,451,482,505,531,540,587,645,674,706,780,802,829,857,887,924,961,986,998,1029,1080,1119,1190,1276,1322,1340,1348,1413,1456,1607,1655,1726,1772,1852,1930,2046,2160,2265,2340,2376,2393,2461,2569,2623,2704,2764,2794,2833,2872,3069,3213,3298,3376,3376,3512,3582,3650,3695,3794,3834,3911,3948,3999,4088,4178,4340,4488,4553,4677,4809,4984,5217,5330,5614,5745,5928
Erath,41526,0,0,0,0,0,0,0,0,0,0,0,0,0,0,0,0,0,1,1,1,1,1,1,1,1,2,2,3,7,7,7,8,9,10,10,12,12,12,12,12,12,12,12,12,12,12,12,12,12,12,12,12,12,12,12,12,12,12,12,12,13,15,14,14,14,14,14,14,15,15,15,15,15,15,15,15,15,15,15,15,16,16,16,16,17,17,17,17,17,17,25,26,26,26,29,29,30,32,36,36,36,37,41,43,44,44,44,44,44,69,69,69,69,69,69,87
Falls,16603,0,0,0,0,0,0,0,0,0,0,0,0,0,0,0,0,1,1,1,1,1,1,1,1,1,1,1,1,1,1,1,1,1,1,1,1,1,1,1,1,1,1,1,1,1,1,1,1,1,1,2,3,3,4,4,4,4,4,4,6,6,6,6,6,6,6,6,6,6,6,6,6,6,6,6,6,6,6,6,6,6,6,6,6,7,7,7,9,9,10,11,11,11,11,13,13,14,14,14,17,17,18,19,21,22,22,22,23,25,25,25,25,25,26,28,29
Fannin,34597,0,0,0,0,0,0,0,0,0,0,0,0,0,1,1,1,1,1,1,1,1,1,1,1,1,1,1,2,2,2,2,2,4,4,5,5,5,5,5,5,5,5,7,7,8,9,12,13,13,15,15,16,17,18,18,18,19,19,20,20,22,23,23,23,23,23,23,24,24,24,25,25,25,27,28,29,34,34,34,34,37,37,37,38,41,41,41,40,41,41,42,43,43,43,49,50,51,52,54,54,54,55,59,65,65,65,65,65,67,82,82,82,82,82,82,88
Fayette,26086,0,0,0,0,0,0,0,0,0,0,0,0,0,0,0,0,0,1,1,1,1,1,1,2,2,4,4,10,10,11,9,9,9,8,9,9,10,10,10,12,13,15,15,15,15,14,15,15,15,14,14,14,14,14,14,15,15,15,15,17,17,19,21,24,25,25,26,26,28,26,29,29,29,31,31,31,32,32,32,32,32,32,34,34,34,34,34,34,36,38,38,38,38,38,38,39,43,44,43,44,44,45,52,51,52,58,60,66,71,75,76,75,75,80,86,86
Fisher,3985,0,0,0,0,0,0,0,0,0,0,0,0,0,0,0,0,0,0,0,0,0,0,0,0,0,0,0,0,0,0,0,0,0,0,0,0,0,0,0,0,0,0,0,0,0,0,0,0,0,0,0,0,0,0,0,0,0,0,0,0,0,0,0,0,0,0,0,0,0,1,1,1,1,2,2,2,2,2,2,2,2,2,2,2,2,2,2,2,2,2,2,2,2,2,2,2,2,2,2,2,2,2,2,2,2,2,2,2,2,2,2,2,5,5,5,5
Floyd,5786,0,0,0,0,0,0,0,0,0,0,0,0,0,0,0,0,0,0,0,0,0,0,0,0,0,0,0,0,0,0,0,0,1,1,1,1,1,1,1,2,2,2,2,2,2,2,2,3,3,3,3,3,3,3,3,3,3,3,3,4,4,4,4,4,4,4,4,4,4,4,4,4,4,5,5,5,5,5,5,5,5,7,8,11,11,11,11,11,15,15,16,16,16,16,16,16,16,16,16,16,16,16,16,17,18,18,18,19,21,21,22,22,22,22,22,28
Foard,1240,0,0,0,0,0,0,0,0,0,0,0,0,0,0,0,0,0,0,0,0,0,0,0,0,0,0,0,0,0,0,0,0,0,0,0,0,0,0,0,0,0,0,0,0,0,0,0,0,0,0,0,0,0,0,0,0,0,0,0,0,0,0,0,0,0,0,0,0,0,0,0,0,0,0,0,0,0,0,0,0,0,0,0,0,0,0,0,0,0,0,0,0,0,0,0,0,0,0,0,0,0,0,0,0,0,0,0,0,0,0,0,0,0,0,0,0
Fort Bend,840383,0,0,1,6,6,6,6,6,9,9,9,9,9,11,11,11,11,29,46,54,86,101,101,119,119,163,194,221,255,268,280,318,417,437,485,518,536,536,543,627,627,656,755,755,783,799,808,870,889,905,919,952,957,973,1018,1052,1079,1133,1183,1187,1245,1287,1332,1357,1370,1385,1404,1404,1452,1471,1510,1558,1559,1559,1581,1621,1652,1661,1676,1685,1732,1732,1766,1783,1832,1861,1881,1881,1916,1951,2032,2117,2117,2117,2138,2225,2299,2320,2358,2385,2385,2402,2496,2667,2726,2882,2951,3069,3132,3176,3267,3397,3645,3716,3716,3722
Franklin,10924,0,0,0,0,0,0,0,0,0,0,0,0,0,0,0,0,0,0,0,0,0,0,1,1,1,1,1,1,1,1,1,1,1,1,1,1,1,1,1,1,1,1,1,1,1,1,1,1,1,1,1,1,1,1,1,1,2,2,2,2,3,3,3,3,3,3,3,3,4,4,5,5,6,7,8,8,9,11,12,12,12,13,13,13,15,15,16,16,17,18,18,19,19,19,22,22,24,24,27,27,27,27,29,30,30,31,33,33,35,35,36,39,41,41,41,41
Freestone,19860,0,0,0,0,0,0,0,0,0,0,0,0,0,0,0,0,0,0,0,0,0,0,0,0,0,0,0,0,0,0,0,0,0,0,0,0,0,0,0,1,1,1,3,3,3,3,3,3,3,3,3,3,3,3,3,5,6,7,7,7,7,7,7,7,7,7,7,7,8,7,7,7,7,7,7,7,7,10,10,10,10,10,10,10,10,10,10,10,10,10,10,11,11,11,12,13,12,15,15,15,15,17,17,19,18,18,19,19,20,20,21,23,20,20,28,28
Frio,20023,0,0,0,0,0,0,0,0,0,0,0,0,0,0,0,0,0,0,0,0,0,0,0,0,0,0,0,0,0,0,0,0,1,1,1,1,1,1,1,1,1,1,1,1,1,1,1,1,1,3,3,3,4,7,7,7,8,10,10,10,10,25,25,34,34,34,34,34,34,34,35,35,35,35,35,35,35,35,36,36,36,37,37,37,37,37,37,37,37,37,40,40,46,46,50,54,54,57,64,79,79,79,80,86,119,130,139,139,142,157,157,173,181,178,178,192
Gaines,22121,0,0,0,0,0,0,0,0,0,0,0,0,0,0,0,0,0,0,1,1,1,1,1,1,1,1,1,1,1,1,1,1,1,1,1,1,1,2,2,2,2,2,2,2,2,2,2,2,2,2,2,2,2,2,2,2,2,2,2,3,3,3,3,3,3,3,4,4,4,5,5,5,5,6,6,6,6,6,6,6,6,7,7,7,7,7,7,7,7,7,7,8,8,8,9,9,9,9,14,14,14,14,14,14,14,14,14,14,14,14,15,15,15,15,15,16
Galveston,355196,0,0,0,0,0,0,0,0,1,1,1,2,2,4,6,9,15,18,21,27,40,49,49,70,92,106,118,130,136,222,240,256,272,287,308,341,355,355,377,392,401,421,438,450,455,468,479,491,507,522,539,541,548,554,572,595,614,629,636,648,659,669,672,676,680,685,686,688,691,693,696,701,702,706,715,721,732,740,749,752,753,763,779,788,795,807,817,847,857,876,906,906,972,994,1026,1051,1084,1114,1166,1237,1255,1312,1378,1486,1535,1642,1784,1867,1968,2040,2266,2415,2667,2821,2923,3062
Garza,6784,0,0,0,0,0,0,0,0,0,0,0,0,0,0,0,0,0,0,0,0,0,0,0,0,0,0,0,0,0,0,0,0,0,0,0,0,0,0,0,0,0,0,0,0,0,0,0,0,0,0,0,0,0,0,1,1,3,3,3,3,3,3,3,3,3,3,4,4,4,4,4,4,4,4,4,4,4,5,5,5,5,5,5,5,5,5,5,5,6,6,6,6,6,6,6,7,6,6,6,6,6,7,7,7,7,7,7,7,7,7,11,11,12,12,12,12
Gillespie,26191,0,0,0,0,0,0,0,0,0,0,0,0,0,0,0,0,0,0,0,0,0,0,0,0,0,0,1,1,1,1,1,1,1,1,1,1,1,1,1,1,1,1,1,1,1,1,1,1,1,1,1,1,1,1,1,2,3,3,4,4,4,4,4,4,4,4,4,4,4,4,4,4,4,5,5,5,5,5,5,5,5,5,5,5,5,5,5,5,5,5,5,5,5,5,5,5,5,5,6,6,6,9,9,10,16,17,17,17,23,29,33,33,33,33,33,42
Glasscock,1365,0,0,0,0,0,0,0,0,0,0,0,0,0,0,0,0,0,0,0,0,0,0,0,0,0,0,0,0,0,0,0,0,0,0,0,0,0,0,0,0,0,0,0,0,0,0,0,0,0,0,0,0,0,0,1,1,1,1,1,1,1,1,1,1,1,1,1,1,1,1,1,1,1,1,1,1,1,1,1,1,1,1,1,1,1,1,1,1,1,1,1,1,1,1,1,1,1,1,2,2,2,3,3,5,5,5,5,5,5,5,5,5,5,5,5,5
Goliad,7717,0,0,0,0,0,0,0,0,0,0,0,0,0,0,0,0,0,0,0,0,0,0,0,0,0,0,1,1,1,1,3,3,3,3,4,4,4,4,4,5,5,5,5,5,5,6,6,6,6,6,7,7,7,7,7,7,7,7,7,7,7,7,7,7,7,7,7,7,7,7,7,7,7,7,7,7,7,7,7,7,7,7,7,7,7,7,7,7,7,7,7,7,7,7,7,7,7,7,7,7,7,7,7,7,7,7,7,7,7,7,8,8,12,12,12,14
Gonzales,21347,0,0,0,0,0,0,0,0,0,0,0,0,0,0,0,0,0,0,0,0,0,0,0,0,0,1,1,1,1,1,1,1,1,2,2,2,2,2,2,2,2,2,2,2,2,2,3,4,4,8,12,12,14,18,20,21,23,27,30,31,31,31,31,40,53,59,59,62,70,73,75,79,85,86,88,90,91,91,91,91,91,100,111,118,121,129,129,132,143,144,147,149,151,151,153,155,157,157,165,166,166,169,172,175,203,213,215,215,217,231,235,244,247,248,248,260
Gray,24252,0,0,0,0,0,0,0,0,0,0,0,0,0,0,0,0,0,0,0,0,0,0,0,0,0,1,1,1,5,5,9,9,11,12,12,13,13,13,13,13,16,16,17,17,17,20,22,27,32,35,37,37,38,42,47,58,58,58,67,68,71,73,73,73,75,75,76,77,77,88,91,91,93,94,95,95,95,95,96,96,96,96,96,96,98,98,98,100,100,101,104,104,104,104,105,106,107,111,111,111,111,111,111,112,113,113,113,113,113,113,113,113,114,114,114,114
Grayson,131710,0,0,0,0,0,0,0,0,0,0,0,0,0,0,0,0,0,1,2,2,2,2,3,6,7,8,11,12,12,12,13,14,15,15,17,17,17,17,17,19,19,19,19,19,19,19,19,19,19,22,22,23,24,27,31,34,38,41,49,53,58,60,78,83,89,91,105,112,122,129,140,147,152,165,199,268,275,287,296,300,303,310,316,323,327,333,338,342,350,355,366,372,375,377,384,389,403,408,433,433,438,440,473,481,491,491,514,518,521,537,547,550,558,563,566,572
Gregg,125730,0,0,0,0,1,1,1,1,1,1,1,1,1,1,1,1,1,1,1,3,4,4,4,5,5,6,7,8,13,13,10,20,22,35,37,39,39,39,45,46,48,48,50,51,51,52,53,55,58,58,62,66,69,69,73,80,87,87,87,97,107,109,117,117,118,118,132,136,138,142,170,170,170,173,173,180,183,185,185,185,185,197,201,203,213,213,213,236,244,249,250,257,257,257,272,273,274,274,278,278,278,285,296,302,304,305,305,305,310,313,315,331,331,339,339,355
Grimes,28930,0,0,0,0,0,0,0,0,0,0,0,0,0,0,0,0,0,2,2,2,2,2,2,2,3,3,3,3,3,3,3,4,6,5,6,6,7,7,7,7,9,10,10,10,10,10,10,10,13,13,13,15,16,16,19,19,21,22,22,22,25,25,37,42,42,42,42,54,56,63,65,65,65,65,89,91,94,99,99,100,104,111,113,114,121,215,217,218,226,226,226,237,241,241,245,252,252,270,271,274,274,281,287,291,288,289,301,303,312,312,322,338,341,344,355,513
Guadalupe,170266,0,0,0,0,0,0,0,0,0,0,0,0,0,0,0,0,0,0,4,8,8,8,10,13,15,17,20,23,26,28,28,39,45,46,47,47,49,49,50,50,53,53,53,57,58,60,63,64,64,67,68,69,69,80,80,81,85,85,86,87,88,90,92,92,95,97,99,99,101,106,109,110,110,110,114,116,121,122,122,122,122,124,126,129,132,133,133,133,135,142,145,147,147,147,147,151,154,160,165,171,171,175,184,186,280,311,323,323,417,467,563,581,636,638,638,698
Hale,33202,0,0,0,0,0,0,0,0,0,0,0,0,0,0,0,0,0,0,0,0,1,1,1,1,1,1,1,6,6,7,7,7,7,9,9,11,11,11,11,11,11,11,11,12,12,15,16,16,19,19,19,19,24,24,25,25,26,29,29,29,31,37,37,37,37,37,39,40,41,42,43,44,44,49,49,50,53,54,55,55,55,56,56,57,57,58,58,58,60,60,60,60,60,61,61,67,67,76,76,85,85,100,110,110,122,135,139,139,176,178,214,235,235,235,235,285
Hall,3305,0,0,0,0,0,0,0,0,0,0,0,0,0,0,0,0,0,0,0,0,0,0,0,0,0,0,0,0,0,0,0,0,0,0,0,0,0,0,0,0,0,0,0,0,0,0,0,0,0,0,0,0,0,0,0,0,0,0,0,0,0,0,0,0,0,0,0,0,0,0,0,0,0,0,1,1,1,1,2,2,2,2,2,2,2,2,2,2,2,2,2,2,2,2,2,2,2,2,2,2,2,2,2,2,2,2,2,2,2,2,2,2,2,2,2,2
Hamilton,8220,0,0,0,0,0,0,0,0,0,0,0,0,0,0,0,0,0,0,0,0,0,0,0,0,0,0,0,0,0,0,0,1,1,1,1,2,2,2,2,3,3,5,5,5,5,5,5,5,5,5,5,5,5,5,5,5,5,5,5,5,5,5,6,6,6,7,7,6,7,7,7,7,7,7,7,7,7,7,7,7,7,7,7,7,8,8,8,8,8,9,9,9,9,9,10,10,10,11,11,11,11,15,18,18,18,18,18,19,19,19,19,19,19,19,20,20
Hansford,5820,0,0,0,0,0,0,0,0,0,0,0,0,0,0,0,0,0,0,0,0,0,0,0,0,0,0,0,0,0,0,1,1,1,1,1,1,1,1,1,1,1,1,1,1,1,1,1,2,2,4,4,4,5,5,6,6,6,7,7,11,11,11,12,12,12,12,13,13,15,15,16,16,16,16,17,18,18,18,18,18,18,18,18,18,19,19,19,19,20,20,20,20,20,20,20,21,21,21,21,21,21,23,23,23,23,23,23,23,24,24,26,27,28,28,28,28
Hardeman,3870,0,0,0,0,0,0,0,0,0,0,0,0,0,0,0,0,0,0,0,0,0,0,0,0,0,0,0,0,0,0,0,0,0,0,0,0,0,0,0,0,0,0,0,0,0,0,0,0,0,0,0,0,0,0,0,0,0,0,0,0,0,0,0,0,0,0,0,0,0,0,0,0,0,0,0,0,1,1,1,1,1,1,1,1,1,1,1,1,2,2,3,3,3,3,4,4,4,4,4,4,4,4,4,4,4,4,4,4,4,4,4,4,4,4,4,5
Hardin,56486,0,0,0,0,0,0,0,0,0,0,0,0,0,0,0,0,0,0,2,2,4,6,9,9,12,13,14,14,14,26,26,28,41,41,41,47,61,61,61,65,66,67,67,73,73,85,89,91,91,92,92,92,96,99,99,100,103,103,103,112,112,113,113,113,115,115,115,115,116,116,117,117,117,118,121,121,125,136,136,136,136,136,137,138,138,138,138,138,138,142,142,142,142,142,142,144,144,145,146,146,146,147,155,156,167,172,172,172,194,205,211,212,217,217,217,232
Harris,4978845,0,0,4,5,5,5,7,7,10,10,10,10,10,24,26,27,27,54,134,185,203,229,445,526,563,680,847,955,1106,1284,1395,1809,2146,2341,3047,3261,3561,3629,3747,3907,4097,4306,4460,4653,4823,4977,5143,5211,5330,5482,5628,5729,5827,5986,6161,6356,6551,6708,6838,6967,7128,7244,7377,7594,7803,7878,8176,8416,8621,8817,9050,9126,9465,9635,9859,10095,10283,10526,10770,10921,10995,11281,11542,11770,12009,12220,12276,12664,13027,13268,13603,13940,14423,14586,14918,15238,15552,15864,16188,16568,16778,17282,17707,18157,18552,19739,20874,21053,23047,24421,25786,27017,28255,29163,29276,30729
Harrison,68247,0,0,0,0,0,0,0,0,0,0,0,0,0,0,0,0,0,0,0,0,1,1,1,1,1,3,5,5,5,6,8,10,10,12,12,12,16,16,20,34,35,40,42,44,47,58,59,61,69,69,71,86,84,84,102,113,121,140,140,149,160,167,180,180,186,186,189,192,195,200,200,202,202,205,206,217,222,223,225,228,228,236,239,239,244,245,245,247,250,255,256,256,256,256,258,259,261,267,268,269,270,269,269,268,268,271,272,274,276,279,281,284,288,288,289,308
Hartley,6067,0,0,0,0,0,0,0,0,0,0,0,0,0,0,0,0,0,0,0,0,0,0,0,0,0,0,0,0,0,0,0,0,0,0,0,0,0,0,0,0,0,0,0,0,1,1,1,2,4,4,4,4,4,4,4,5,5,5,5,7,7,7,7,8,8,8,9,9,9,9,9,9,9,11,11,11,11,11,11,11,11,11,11,11,11,11,12,12,12,12,12,12,12,12,12,12,12,12,13,13,13,13,13,13,13,13,13,13,13,13,13,21,22,22,22,26
Haskell,6197,0,0,0,0,0,0,0,0,0,0,0,0,0,0,0,0,0,0,0,0,0,0,0,0,0,0,0,0,0,0,0,0,0,0,0,0,0,0,0,0,0,0,0,0,0,0,0,0,0,0,0,0,0,0,0,0,0,0,0,0,0,0,0,0,0,0,0,0,0,1,1,1,1,2,2,2,2,2,2,2,2,2,2,3,3,3,3,3,3,3,3,3,3,3,3,3,3,4,4,4,4,4,4,4,4,4,4,4,4,4,4,4,4,4,4,5
Hays,234896,0,0,0,0,0,0,0,0,1,1,1,1,3,4,5,6,6,7,7,9,13,13,13,16,24,38,42,45,47,50,54,59,61,77,79,82,82,82,82,93,109,109,109,109,109,109,140,140,140,148,148,148,155,161,165,165,167,167,168,176,176,176,195,203,203,203,203,214,217,219,219,219,219,219,238,250,259,266,270,270,270,279,297,314,329,329,329,353,371,385,385,385,385,385,441,465,492,574,673,673,673,938,1093,1238,1448,1551,1608,1711,1871,2001,2194,2275,2415,2469,2586,2661
Hemphill,4644,0,0,0,0,0,0,0,0,0,0,0,0,0,0,0,0,0,0,0,0,0,0,0,0,0,0,0,0,1,1,1,1,1,1,1,1,1,1,1,1,1,1,1,1,1,1,1,1,1,1,1,1,1,1,1,1,1,1,1,1,1,1,1,1,1,1,1,1,1,1,1,1,1,1,1,1,1,1,1,1,1,1,1,1,1,1,1,1,1,1,1,1,1,1,1,1,1,1,1,1,1,1,2,2,2,2,2,3,3,3,5,6,7,7,7,7
Henderson,81179,0,0,0,0,0,0,0,0,0,0,0,0,0,0,0,0,0,0,0,0,0,0,0,0,0,1,1,1,1,1,1,1,4,6,8,10,10,10,10,11,12,12,13,13,13,15,19,22,22,22,24,24,24,24,25,25,28,28,28,32,33,34,36,36,41,41,46,47,47,48,48,48,48,49,49,51,52,55,55,55,55,56,57,57,57,57,57,59,63,65,65,68,68,68,71,71,74,74,80,80,80,82,85,90,94,97,97,97,102,104,109,116,116,117,117,128
Hidalgo,870366,0,0,0,0,0,0,0,0,0,0,0,0,0,0,0,0,2,2,2,7,11,18,27,28,38,46,62,79,86,86,99,113,113,139,146,181,188,190,198,217,225,235,242,255,261,268,275,281,290,299,303,308,310,315,324,334,339,340,341,353,353,359,368,377,387,389,394,403,409,417,425,425,440,448,457,467,472,482,482,497,504,516,537,537,548,560,575,584,610,634,679,679,701,701,759,804,842,912,967,967,1050,1112,1255,1347,1447,1556,1556,1689,1882,2130,2503,2713,2892,2892,3294,3542
Hill,35673,0,0,0,0,0,0,0,0,0,0,0,0,0,0,0,0,0,0,0,0,0,0,0,1,1,2,3,3,5,5,5,5,6,6,8,8,8,8,8,8,9,10,10,10,10,11,12,14,15,15,15,15,15,16,16,16,16,17,17,18,18,18,19,19,19,19,21,21,22,22,22,22,22,23,23,23,24,24,24,24,24,24,24,24,24,24,24,24,24,25,26,27,29,29,30,30,33,34,36,36,36,38,41,46,47,48,48,49,50,50,51,58,58,59,66,66
Hockley,24636,0,0,0,0,0,0,0,0,0,0,0,0,0,1,2,2,3,3,3,5,5,7,7,7,7,7,7,7,7,10,10,10,10,12,12,13,14,14,14,15,15,15,15,16,16,16,17,18,19,20,20,20,20,20,20,21,20,20,20,20,20,19,20,20,20,20,20,23,22,23,23,23,23,24,27,27,27,27,27,27,27,27,27,27,27,27,27,27,27,27,27,27,27,27,27,27,28,28,28,28,28,28,29,29,29,29,29,30,30,33,33,36,36,36,36,38
Hood,58643,0,0,0,0,0,0,0,0,0,0,0,0,0,0,0,0,0,0,0,0,2,2,2,3,6,6,6,8,9,9,9,10,10,11,12,13,13,13,15,15,15,15,15,15,15,15,15,15,16,16,16,16,17,18,18,18,20,20,20,19,19,19,19,19,19,19,21,22,22,22,22,22,22,22,23,23,23,23,23,23,26,26,26,27,27,27,27,27,27,27,31,31,31,31,31,31,31,34,35,35,35,35,35,35,35,35,35,35,36,45,45,45,48,48,48,61
Hopkins,37040,0,0,0,0,0,0,0,0,0,0,0,0,0,0,0,0,0,1,1,1,1,1,1,2,2,3,3,3,3,4,4,4,4,4,4,4,4,4,4,4,4,4,4,4,4,4,4,4,4,4,4,4,4,4,4,4,6,6,6,6,6,7,7,7,8,8,8,8,8,8,8,8,8,8,11,12,15,15,15,17,18,21,24,24,26,26,26,26,27,27,28,29,30,30,39,39,41,41,41,41,41,44,44,44,48,48,50,50,51,51,52,53,54,54,54,56
Houston,22620,0,0,0,0,0,0,0,0,0,0,0,0,0,0,0,0,0,0,0,0,0,0,0,0,0,0,0,0,0,0,0,0,0,0,0,0,0,0,0,0,0,0,0,1,1,1,1,4,4,4,4,4,5,5,5,6,7,7,7,8,9,10,10,10,13,13,14,21,71,74,76,76,79,81,81,81,39,40,40,40,40,40,49,52,53,114,114,114,127,145,151,151,151,151,152,153,153,154,155,156,156,147,148,147,147,148,148,148,153,157,157,159,160,160,160,160
Howard,41236,0,0,0,0,0,0,0,0,0,0,0,0,0,0,0,0,0,0,0,0,0,0,0,0,0,0,0,0,0,0,0,0,0,0,1,1,1,1,1,1,1,1,1,1,1,1,1,2,4,4,4,4,4,4,4,4,4,4,4,5,6,6,6,6,6,6,6,6,6,6,6,6,6,6,6,6,6,6,6,6,6,6,7,8,8,8,8,9,9,9,9,9,9,9,15,17,18,18,18,18,18,23,24,24,24,26,26,27,29,32,34,34,34,34,34,40
Hudspeth,3400,0,0,0,0,0,0,0,0,0,0,0,0,0,0,0,0,0,0,0,0,0,0,0,0,0,0,0,0,0,0,0,0,0,0,0,0,0,0,0,0,0,0,0,0,0,0,0,0,0,0,0,0,0,0,0,0,0,0,0,0,0,0,0,0,0,0,0,0,0,0,0,0,0,0,0,0,0,0,0,0,1,1,1,1,2,2,2,2,2,3,4,4,4,4,4,11,11,12,13,13,13,13,13,14,14,14,14,14,14,14,14,15,15,15,15,15
Hunt,95324,0,0,0,0,0,0,0,0,0,0,0,0,0,0,0,0,0,1,1,1,1,1,1,3,4,4,4,8,8,1,1,1,14,15,15,16,18,18,22,22,25,25,25,26,32,35,38,37,37,38,39,41,44,44,44,47,48,49,49,52,54,54,56,57,57,57,58,58,58,66,66,66,66,68,69,71,71,75,75,75,76,76,76,79,82,88,88,89,91,96,106,114,121,121,121,132,147,162,185,185,185,185,217,223,227,246,258,258,258,319,330,364,364,392,392,392
Hutchinson,21461,0,0,0,0,0,0,0,0,0,0,0,0,0,0,0,0,0,0,0,0,0,0,0,0,0,0,0,0,2,2,2,2,2,2,2,2,2,3,3,3,6,6,7,7,8,8,8,9,10,11,11,13,13,13,14,14,14,16,16,19,20,19,19,20,21,21,22,25,25,25,25,25,28,30,32,31,28,29,30,30,30,30,34,37,36,36,36,42,42,44,44,44,44,44,44,44,44,45,45,45,45,45,47,47,49,49,49,51,53,54,55,56,57,57,57,62
Irion,1508,0,0,0,0,0,0,0,0,0,0,0,0,0,0,0,0,0,0,0,0,0,0,0,0,0,0,0,0,0,0,0,0,0,0,0,0,0,0,0,0,0,0,0,0,0,0,0,0,0,0,0,0,0,0,0,0,0,0,0,0,0,0,0,0,0,0,0,0,0,0,0,0,0,0,0,0,0,0,0,0,0,0,0,0,0,0,0,1,1,1,1,1,1,1,1,1,1,1,1,1,1,1,1,1,1,1,1,1,1,1,1,1,2,2,2,2
Jack,8841,0,0,0,0,0,0,0,0,0,0,0,0,0,0,0,0,0,0,0,0,0,0,0,0,0,0,0,0,0,0,0,0,0,1,1,1,1,1,2,3,3,3,3,3,3,4,4,4,4,4,4,4,4,4,4,4,4,4,4,4,4,4,4,4,4,4,4,4,4,4,4,4,4,4,4,4,4,4,4,4,4,4,4,4,4,4,4,4,4,4,4,4,4,4,4,4,4,4,4,4,4,4,4,4,4,4,4,4,6,7,7,7,7,7,7,9
Jackson,15899,0,0,0,0,0,0,0,0,0,0,0,0,0,0,0,0,0,0,0,1,1,1,1,1,1,1,2,3,3,3,3,4,4,4,4,4,4,4,4,4,4,4,4,4,4,6,6,6,6,6,6,6,6,6,6,8,10,14,14,14,14,14,14,14,14,14,15,15,15,15,15,15,15,15,15,16,16,17,17,17,17,17,18,18,18,18,18,19,19,19,19,19,19,19,19,19,20,20,20,21,21,21,21,21,24,25,25,25,27,27,36,39,39,40,40,41
Jasper,35525,0,0,0,0,0,0,0,0,0,0,0,0,0,0,0,0,0,0,0,0,0,0,0,0,0,0,2,2,2,2,2,2,2,2,3,7,7,7,7,6,6,6,6,6,7,10,10,10,10,10,12,12,12,12,16,16,18,18,18,18,18,18,19,19,19,19,19,19,19,23,23,23,23,26,26,26,27,28,28,28,28,28,28,28,29,29,29,29,29,29,29,30,30,30,31,32,32,32,32,32,32,32,33,33,33,35,36,36,39,41,43,43,43,51,51,51
Jeff Davis,2113,0,0,0,0,0,0,0,0,0,0,0,0,0,0,0,0,0,0,0,0,0,0,0,0,0,0,0,0,0,0,0,0,0,0,0,0,0,0,0,0,0,0,0,0,0,0,0,0,0,0,0,0,0,0,0,0,0,0,0,0,0,0,0,0,0,0,0,0,0,0,0,0,0,0,0,0,0,0,0,0,0,0,0,0,0,0,0,0,0,0,0,0,0,0,0,0,0,0,0,0,0,0,0,0,0,0,0,0,0,0,0,1,1,1,1,4
Jefferson,258678,0,0,0,0,0,0,0,0,0,0,0,0,0,0,0,0,0,0,3,7,8,12,16,18,18,27,31,40,29,51,59,78,78,87,94,100,100,124,134,140,143,157,167,167,180,196,209,224,234,243,266,268,288,298,305,307,318,319,325,333,335,336,353,360,376,381,385,399,396,429,436,436,436,451,458,465,476,478,492,498,503,506,518,524,533,544,550,562,581,585,604,619,627,627,647,1184,1187,1222,1233,1235,1242,1279,1319,1340,1356,1388,1393,1393,1447,1486,1520,1539,1621,1631,1638,1787
Jim Hogg,5077,0,0,0,0,0,0,0,0,0,0,0,0,0,0,0,0,0,0,0,0,0,0,0,0,0,0,0,0,0,0,0,0,0,0,0,0,0,0,0,0,0,0,0,0,0,0,0,1,1,1,1,1,3,3,3,3,3,3,3,3,3,3,3,3,3,3,3,3,3,3,4,4,4,4,4,4,4,4,4,4,4,4,4,4,4,4,4,4,4,4,4,4,4,4,4,4,4,4,4,4,4,4,4,6,6,8,9,9,9,9,10,12,13,13,14,15
Jim Wells,42890,0,0,0,0,0,0,0,0,0,0,0,0,0,0,0,0,0,0,0,0,0,0,0,0,0,0,1,1,2,2,2,2,2,2,2,2,2,2,2,2,2,2,2,2,2,2,2,2,2,3,3,3,3,3,3,3,4,5,5,5,5,5,5,6,7,7,7,7,7,7,8,8,8,8,8,9,9,9,9,9,9,9,9,9,9,9,9,9,12,12,12,13,13,13,13,15,15,17,17,18,18,18,19,21,21,22,27,34,46,50,56,66,81,105,124,142
Johnson,171701,0,0,0,0,0,0,0,0,0,0,0,0,2,2,2,2,2,3,3,3,6,8,8,8,8,12,17,18,21,21,21,24,25,25,27,28,28,28,31,34,37,37,39,39,41,44,47,50,54,57,57,58,62,67,69,69,82,82,83,87,95,97,99,100,100,103,107,110,117,119,123,123,123,136,142,144,148,148,148,148,155,158,165,171,175,175,175,176,176,178,189,190,190,190,209,214,220,229,232,232,232,232,244,249,254,254,254,254,267,314,314,314,372,372,372,436
Jones,19735,0,0,0,0,0,0,0,0,0,0,0,0,0,0,0,0,0,0,0,0,0,0,0,0,0,0,0,0,0,0,0,0,1,1,2,2,2,2,2,2,3,3,3,3,3,3,3,4,7,13,13,13,13,37,37,37,62,62,78,78,84,84,87,92,92,95,96,101,110,110,112,112,112,115,117,134,135,135,135,135,101,101,323,354,401,401,401,606,637,636,637,637,637,637,636,636,633,632,631,631,631,630,615,614,610,650,650,650,604,604,604,604,607,607,607,611
Karnes,15393,0,0,0,0,0,0,0,0,0,0,0,0,0,0,0,0,0,0,0,1,1,1,2,2,2,2,2,2,2,2,2,2,2,2,2,2,2,2,3,3,3,3,3,3,3,3,3,3,3,3,3,3,3,3,3,3,3,3,3,3,3,3,3,3,3,3,3,4,4,4,3,3,3,4,4,4,4,4,4,4,4,4,4,4,4,4,4,4,4,4,4,4,4,4,4,4,4,4,4,4,4,4,7,7,11,14,14,14,14,15,17,19,21,21,21,29
Kaufman,125134,0,0,0,0,0,0,0,0,0,0,0,0,0,0,0,0,0,2,2,2,2,2,2,3,3,4,5,9,10,10,9,14,16,19,24,26,26,28,32,33,33,38,42,42,44,48,51,58,62,71,71,74,75,83,86,86,87,87,90,96,101,106,111,116,116,120,127,133,137,143,147,147,147,155,165,173,182,182,182,182,198,199,203,217,223,223,223,227,230,240,260,269,269,269,275,308,316,325,330,330,330,339,343,349,360,360,360,360,374,490,490,490,518,518,518,586
Kendall,46278,0,0,0,0,0,0,0,0,0,0,0,0,0,0,0,0,0,0,2,3,4,6,7,7,7,7,8,8,9,10,9,9,9,9,10,10,11,11,12,14,14,14,14,14,14,14,14,15,15,16,16,16,16,16,16,16,16,16,16,17,17,18,18,19,19,19,20,20,20,20,21,21,21,23,24,24,24,24,24,24,24,28,28,28,29,29,29,30,31,31,32,33,33,33,33,35,35,35,35,36,36,36,36,36,44,44,44,44,47,56,58,58,61,61,61,66
Kenedy,476,0,0,0,0,0,0,0,0,0,0,0,0,0,0,0,0,0,0,0,0,0,0,0,0,0,0,0,0,0,0,0,0,0,0,0,0,0,0,0,0,0,0,0,0,0,0,0,0,0,0,0,0,0,0,0,0,0,0,0,0,0,0,0,0,0,0,0,0,0,0,0,0,0,0,0,0,0,0,0,0,0,0,0,0,0,0,0,0,0,0,0,0,0,0,0,0,0,0,0,0,0,0,0,0,0,0,0,0,0,0,0,0,0,0,0,0
Kent,795,0,0,0,0,0,0,0,0,0,0,0,0,0,0,0,0,0,0,0,0,0,0,0,0,0,0,0,0,0,0,0,0,0,0,0,0,0,0,0,0,0,0,0,0,0,0,0,0,0,0,0,0,0,0,0,0,0,0,0,0,0,0,0,0,0,0,0,0,0,0,0,0,0,0,0,0,0,0,0,0,0,0,0,0,0,0,0,0,0,0,0,0,0,0,0,0,0,0,0,0,0,0,0,0,0,0,0,0,0,0,0,0,0,0,0,0
Kerr,52267,0,0,0,0,0,0,0,0,0,0,0,0,0,0,0,0,0,0,0,0,0,0,0,0,0,1,1,2,2,2,2,2,2,2,2,2,2,2,2,3,4,4,4,4,4,4,4,5,5,5,6,5,5,5,5,5,5,5,5,5,6,6,7,9,9,9,9,9,10,10,10,10,10,10,11,11,12,13,16,16,16,17,17,18,18,19,19,20,20,20,20,20,20,20,20,20,20,20,20,20,20,20,20,20,32,33,33,33,43,50,66,70,72,72,72,77
Kimble,4344,0,0,0,0,0,0,0,0,0,0,0,0,0,0,0,0,0,0,0,0,0,0,0,0,0,0,0,0,0,0,0,0,0,0,0,0,0,0,0,0,0,0,0,0,0,0,0,0,0,0,0,0,0,0,0,0,0,0,0,0,0,0,1,1,1,1,1,1,1,1,1,1,1,1,1,1,1,1,1,1,1,1,1,1,1,1,1,1,1,1,1,1,1,1,1,1,1,1,1,1,1,1,1,1,1,1,1,1,1,1,1,2,1,1,4,5
King,309,0,0,0,0,0,0,0,0,0,0,0,0,0,0,0,0,0,0,0,0,0,0,0,0,0,0,0,0,0,0,0,0,0,0,0,0,0,0,0,0,0,0,0,0,0,0,0,0,0,0,0,0,0,0,0,0,0,0,0,0,0,0,0,0,0,0,0,0,0,0,0,0,0,0,0,0,0,0,0,0,0,0,0,0,0,0,0,0,0,0,0,0,0,0,0,0,0,0,0,0,0,0,0,0,0,0,0,0,0,0,0,0,0,0,0,0
Kinney,3462,0,0,0,0,0,0,0,0,0,0,0,0,0,0,0,0,0,0,0,0,0,0,0,0,0,0,0,0,0,0,0,0,0,0,0,0,0,0,0,0,0,0,0,0,0,0,0,0,0,0,0,0,0,0,0,0,0,0,0,0,0,0,0,0,0,0,0,0,0,0,0,0,0,0,0,0,0,0,0,0,0,0,0,0,1,1,1,1,1,1,1,1,1,1,1,1,1,1,1,1,1,1,1,1,1,2,2,2,3,2,2,2,2,2,2,2
Kleberg,30987,0,0,0,0,0,0,0,0,0,0,0,0,0,0,0,0,0,0,0,0,0,0,1,1,1,1,1,1,2,2,2,2,2,2,2,2,2,2,2,3,3,5,5,6,6,6,7,7,7,8,8,9,9,8,8,8,10,10,10,10,10,10,10,10,11,11,11,11,11,13,14,14,14,14,14,14,15,15,15,15,16,16,16,16,16,16,16,17,17,17,18,18,18,18,20,20,20,20,20,20,20,20,20,23,24,25,27,29,32,32,33,35,42,52,59,66
Knox,3937,0,0,0,0,0,0,0,0,0,0,0,0,0,0,0,0,0,0,0,0,0,0,0,0,0,0,0,0,0,0,0,1,1,1,1,1,1,1,1,1,1,1,1,1,1,1,1,1,1,1,1,1,1,1,1,1,1,1,1,1,1,1,1,1,1,1,1,1,1,1,1,1,1,1,1,1,1,1,1,1,1,1,1,1,1,1,1,1,1,1,1,1,1,1,1,1,1,1,1,1,1,1,1,1,1,1,1,1,1,1,1,1,1,1,1,3
Lamar,50014,0,0,0,0,0,0,0,0,0,0,0,0,0,0,0,0,0,1,1,1,1,3,3,3,3,3,3,3,5,5,6,6,6,8,8,8,8,8,8,7,7,7,7,7,7,7,8,7,8,8,8,8,51,51,51,61,67,67,67,69,71,76,77,77,89,89,96,104,105,111,111,116,116,116,122,126,126,128,133,134,134,134,136,138,138,145,145,145,151,152,154,155,154,154,156,158,160,163,163,165,165,174,180,180,199,199,205,205,227,230,238,244,244,265,265,283
Lamb,12776,0,0,0,0,0,0,0,0,0,0,0,0,0,0,0,0,0,0,0,0,0,1,1,1,1,1,1,1,1,1,1,1,1,1,1,1,1,1,2,2,2,2,2,2,2,2,2,2,2,2,2,3,3,3,3,3,4,4,4,4,4,5,5,5,7,7,8,8,10,10,11,11,11,11,11,11,13,15,15,15,15,16,16,16,16,16,16,16,16,16,16,17,17,17,17,18,18,17,18,18,18,20,25,28,29,29,29,31,32,32,33,33,36,36,36,37
Lampasas,21037,0,0,0,0,0,0,0,0,0,0,0,0,0,0,0,0,0,0,0,0,0,0,0,0,0,0,0,1,1,1,2,2,2,2,3,2,2,2,2,3,2,2,2,2,2,2,2,2,2,2,2,2,3,3,3,3,4,4,4,5,5,6,6,8,8,8,8,8,8,8,8,8,8,8,8,8,8,8,8,8,8,8,8,8,9,9,9,9,9,9,9,9,9,9,9,9,9,9,9,9,9,11,13,13,15,16,17,18,19,19,19,19,19,19,20,20
La Salle,8309,0,0,0,0,0,0,0,0,0,0,0,0,0,0,0,0,0,0,0,0,0,0,0,0,0,0,0,0,0,0,0,0,0,0,0,0,0,0,0,0,1,1,1,1,1,1,1,1,1,1,1,1,1,1,1,1,1,1,1,1,1,1,1,2,2,2,2,3,4,4,4,4,4,4,4,4,4,4,4,4,4,4,4,4,4,4,4,4,4,4,4,4,4,4,4,4,4,4,4,4,4,4,5,5,7,7,7,7,7,8,8,8,10,10,10,13
Lavaca,20735,0,0,0,0,0,0,0,0,1,1,1,1,1,1,1,1,1,1,1,1,1,1,1,1,1,1,1,1,2,2,2,2,3,4,4,4,4,4,4,4,4,4,4,4,4,4,4,5,5,5,5,5,5,5,6,6,6,6,6,6,6,6,6,6,6,6,6,7,7,7,8,8,8,8,8,8,8,8,9,9,9,11,11,11,12,12,12,13,14,17,18,19,19,19,19,20,21,21,22,22,22,22,22,22,43,68,85,85,86,99,108,117,122,123,123,131
Lee,17595,0,0,0,0,0,0,0,0,0,0,0,0,0,0,0,0,0,0,0,0,0,0,0,0,0,0,1,2,2,2,2,2,2,2,2,2,2,2,2,2,2,2,2,2,2,2,2,2,2,2,2,2,2,2,2,2,2,2,2,2,2,2,4,5,5,5,6,6,6,6,6,6,6,7,6,8,8,8,9,10,10,11,21,21,25,24,24,24,25,25,25,25,26,26,26,29,32,35,35,35,35,36,39,48,47,48,49,53,53,53,54,55,56,56,58,59
Leon,17707,0,0,0,0,0,0,0,0,0,0,0,0,0,0,0,0,0,0,0,0,0,0,0,1,1,2,2,2,2,2,2,2,2,2,3,3,3,3,3,4,4,5,5,5,5,5,5,5,5,5,5,5,5,5,5,6,6,6,6,7,7,7,9,9,9,9,9,9,9,9,9,9,9,9,9,9,9,9,9,9,9,9,10,10,10,10,10,10,10,10,11,11,11,11,11,11,11,11,11,11,11,12,13,13,13,14,15,16,19,19,19,20,20,20,27,27
Liberty,85284,0,0,0,0,0,0,0,0,0,0,0,0,0,0,0,0,0,0,1,1,2,2,2,2,2,3,4,5,6,6,6,12,15,15,16,17,19,19,20,23,25,25,29,32,32,33,37,36,37,38,38,38,39,41,42,43,45,45,45,46,47,48,49,62,64,66,70,72,72,72,75,75,75,75,79,81,81,80,80,80,80,80,81,90,92,95,95,95,97,97,101,101,103,103,108,110,115,121,121,122,127,137,156,163,169,177,182,186,196,207,212,236,262,275,287,314
Limestone,23544,0,0,0,0,0,0,0,0,0,0,0,0,0,0,0,0,0,1,1,1,1,1,1,2,2,2,3,3,3,3,3,6,6,7,9,11,11,11,11,11,11,11,11,11,11,11,11,11,11,11,11,12,13,12,12,12,13,13,13,13,13,13,13,14,15,15,15,15,15,15,15,15,15,17,17,18,19,22,23,23,23,23,23,24,24,24,24,26,27,30,30,32,32,32,34,34,36,36,38,39,39,40,41,40,40,41,41,42,42,42,42,43,45,45,47,49
Lipscomb,3651,0,0,0,0,0,0,0,0,0,0,0,0,0,0,0,0,0,0,0,0,0,0,0,0,0,0,0,0,0,0,0,0,0,0,0,0,0,0,0,0,0,0,0,0,0,0,0,0,0,0,0,0,1,2,2,2,2,2,2,2,2,2,2,2,2,2,2,2,2,2,2,2,2,2,2,2,2,2,2,2,2,2,2,2,2,2,2,2,3,4,5,5,5,5,7,7,7,7,7,7,7,9,9,9,9,9,9,9,9,9,9,9,9,9,9,9
Live Oak,12030,0,0,0,0,0,0,0,0,0,0,0,0,0,0,0,0,0,0,0,0,0,0,0,0,0,1,2,3,3,3,3,3,3,3,3,3,3,3,3,3,3,3,3,3,3,3,5,5,5,5,5,5,5,5,5,5,5,5,5,5,5,5,5,5,5,5,5,5,5,6,6,6,7,7,7,9,9,9,9,9,9,9,9,9,9,9,9,9,9,9,9,9,9,9,9,9,9,9,9,9,9,9,9,9,9,9,9,15,15,15,15,21,21,21,21,31
Llano,19452,0,0,0,0,0,0,0,0,0,0,0,0,0,0,0,0,0,0,1,2,2,2,2,3,3,3,3,3,3,3,2,3,3,3,3,3,3,3,3,3,3,3,3,3,3,3,3,3,3,3,3,3,3,3,3,3,3,3,3,3,3,3,3,3,3,3,3,3,3,3,3,3,3,3,3,3,3,3,3,3,3,3,3,3,3,3,3,3,3,3,3,3,3,3,3,3,4,4,4,4,4,5,5,5,5,5,5,8,8,8,7,7,8,8,9,10
Loving,92,0,0,0,0,0,0,0,0,0,0,0,0,0,0,0,0,0,0,0,0,0,0,0,0,0,0,0,0,0,0,0,0,0,0,0,0,0,0,0,0,0,0,0,0,0,0,0,0,0,0,0,0,0,0,0,0,0,0,0,0,0,0,0,0,0,0,0,0,0,0,0,0,0,0,0,0,0,0,0,0,0,0,0,0,0,0,0,0,0,0,0,0,0,0,0,0,0,0,0,0,0,0,0,0,0,0,0,0,0,0,0,0,0,0,0,0
Lubbock,317210,0,0,0,0,0,0,0,0,0,0,0,0,0,1,2,2,2,11,12,19,23,31,41,51,77,100,108,117,138,151,154,180,191,214,234,249,270,307,317,330,367,401,407,419,430,445,458,470,481,494,497,499,504,507,516,535,543,549,553,560,567,575,582,583,589,592,598,605,607,614,616,619,619,624,630,639,650,656,662,664,667,674,677,680,688,691,692,704,706,707,720,734,741,747,756,759,775,790,813,847,857,894,955,1031,1136,1208,1288,1320,1407,1547,1665,1795,1916,1984,2041,2095
Lynn,5588,0,0,0,0,0,0,0,0,0,0,0,0,0,0,0,0,0,0,0,0,0,1,1,2,2,2,3,3,3,3,3,3,3,3,5,5,5,5,5,5,5,5,5,5,5,5,5,5,5,5,5,5,5,5,5,5,5,5,5,5,5,5,5,5,5,5,5,5,5,5,5,5,5,5,5,5,5,5,5,5,5,6,6,7,7,7,7,7,7,8,8,8,8,8,8,10,14,14,19,19,19,21,21,21,21,21,21,21,23,23,26,28,28,28,28,33
McCulloch,8660,0,0,0,0,0,0,0,0,0,0,0,0,0,0,0,0,0,0,0,0,0,0,0,0,0,0,0,0,0,0,0,0,0,1,2,3,3,3,3,3,3,3,3,3,3,3,3,3,3,3,3,3,3,3,3,3,3,3,3,3,3,3,3,3,3,3,3,3,3,3,3,3,3,3,3,3,3,3,3,3,3,3,3,3,3,3,3,3,3,3,3,3,3,3,3,3,3,3,3,3,3,4,4,4,4,5,5,5,6,7,7,8,11,11,11,12
McLennan,253066,0,0,0,0,0,0,0,0,0,0,0,0,6,7,7,7,7,20,23,28,33,34,36,36,39,44,48,49,50,51,53,56,62,62,66,68,69,71,72,74,74,76,76,76,76,77,78,81,81,81,81,82,87,87,88,89,91,91,91,91,92,92,94,94,94,94,94,96,96,96,97,97,98,98,98,102,106,107,107,107,107,112,113,117,118,118,118,120,121,123,125,127,129,129,132,138,141,150,153,158,163,178,196,222,245,262,303,354,371,421,473,552,624,697,744,795
McMullen,783,0,0,0,0,0,0,0,0,0,0,0,0,0,0,0,0,0,0,0,0,0,0,0,0,0,0,0,0,0,0,0,0,0,0,0,0,0,0,0,0,0,0,0,0,0,0,0,0,0,0,0,0,0,0,0,0,0,0,0,0,0,0,0,0,0,0,0,0,0,0,0,0,0,0,0,0,0,0,0,0,0,0,0,0,0,0,0,0,0,0,0,0,0,0,0,0,0,0,0,0,0,0,0,0,0,0,0,0,0,0,0,0,0,0,0,0
Madison,14527,0,0,0,0,0,0,0,0,0,0,0,0,0,0,0,0,0,0,0,0,0,0,0,0,0,0,0,0,0,0,0,0,0,0,0,0,0,0,0,1,1,1,2,2,2,2,2,2,2,2,2,2,2,2,1,1,1,1,1,1,1,2,3,3,3,3,2,2,4,6,8,8,8,8,8,8,8,8,8,8,8,8,8,8,8,8,8,8,9,9,9,10,10,10,16,17,19,19,20,20,20,22,23,24,25,26,28,29,28,27,26,27,28,30,29,30
Marion,10294,0,0,0,0,0,0,0,0,0,0,0,0,0,0,0,0,0,0,0,0,0,0,0,0,0,0,0,0,0,0,0,0,0,0,0,0,0,0,0,0,3,3,3,3,3,6,6,6,6,6,7,9,9,9,13,14,14,15,15,15,15,15,16,16,15,15,15,15,15,15,15,15,15,15,15,15,15,15,15,15,15,16,16,16,16,16,16,16,17,17,17,17,17,17,18,18,18,19,19,19,21,21,21,21,21,21,21,21,21,23,23,25,26,26,26,26
Martin,6044,0,0,0,0,0,0,0,0,0,0,0,0,0,0,0,0,0,0,0,1,1,1,1,1,1,1,1,1,1,1,2,2,2,2,2,2,2,2,2,2,2,2,2,2,2,2,2,2,2,2,2,2,2,2,2,2,2,2,2,3,3,3,3,3,3,3,3,3,3,3,3,3,3,3,3,3,3,3,3,3,3,3,3,3,3,3,3,3,3,3,3,3,3,3,3,3,3,3,3,3,4,4,4,4,5,6,6,7,7,8,9,9,11,11,14,16
Mason,3899,0,0,0,0,0,0,0,0,0,0,0,0,0,0,0,0,0,0,0,0,0,0,0,0,0,0,0,0,1,1,1,1,1,1,1,1,1,1,1,1,1,1,1,1,1,1,1,1,1,1,1,5,5,15,15,21,24,24,24,26,27,28,28,28,28,28,28,28,28,28,31,31,31,31,31,31,31,31,31,31,31,31,31,31,32,32,32,32,32,32,32,32,32,32,32,32,33,33,33,33,33,33,33,33,33,33,33,33,33,33,33,33,33,33,33,33
Matagorda,37064,0,0,0,0,0,0,0,0,1,1,1,1,3,3,3,3,3,3,6,9,9,10,12,13,13,25,29,32,33,33,37,37,38,38,38,43,46,47,49,50,50,50,51,51,51,56,55,57,58,59,58,58,60,60,60,60,62,61,61,62,62,62,62,62,62,62,62,62,62,63,63,63,63,63,63,63,63,63,63,63,63,65,66,67,67,67,67,67,68,69,69,70,70,70,72,73,73,77,78,80,81,85,94,96,104,105,109,110,117,131,131,136,149,152,158,172
Maverick,59938,0,0,0,0,0,0,0,0,0,0,0,0,0,0,0,0,0,0,1,1,1,1,1,1,1,1,3,4,4,4,5,5,7,7,8,9,9,9,10,10,10,12,12,12,12,15,15,14,14,16,16,16,16,16,16,24,24,24,24,26,26,26,26,26,26,26,41,41,52,57,57,74,74,89,93,94,94,97,97,97,97,97,97,109,116,116,116,120,120,129,129,133,133,133,133,142,149,149,160,160,160,160,199,200,206,214,214,214,214,250,282,290,311,311,311,311
Medina,50594,0,0,0,0,0,0,0,0,0,0,1,1,1,1,1,1,1,1,1,1,3,3,3,3,3,3,3,3,3,4,4,6,7,9,10,12,13,13,13,13,15,15,15,15,15,15,17,17,17,19,19,19,19,19,20,20,20,20,20,20,20,21,22,22,31,32,38,45,47,48,49,50,58,59,60,64,64,66,67,67,67,68,69,71,71,73,73,73,74,76,78,216,216,216,216,216,218,220,221,221,221,221,227,228,244,245,250,250,251,255,255,256,254,254,254,255
Menard,2188,0,0,0,0,0,0,0,0,0,0,0,0,0,0,0,0,0,0,0,0,0,0,0,0,0,0,0,0,0,0,0,0,0,0,0,0,0,0,0,0,0,0,0,0,0,0,0,0,0,0,0,0,0,0,0,0,0,0,0,0,0,0,0,0,0,0,0,0,0,0,0,0,0,0,0,0,0,0,0,0,0,0,0,0,0,0,0,0,0,0,0,0,0,0,0,0,0,0,0,0,0,0,0,0,0,0,0,1,2,3,3,3,3,3,3,6
Midland,187364,0,0,0,0,0,0,0,0,0,0,0,0,0,0,1,1,1,1,3,4,6,8,11,13,13,16,16,19,22,24,24,27,30,30,31,31,32,32,32,35,37,41,42,42,43,64,65,67,69,70,71,73,74,75,76,79,82,82,89,90,91,94,100,101,101,101,107,112,115,116,120,120,120,122,122,123,123,124,124,124,124,125,126,128,129,129,129,132,137,141,146,155,155,155,169,177,180,194,201,201,201,222,222,264,287,322,322,322,417,454,494,494,563,563,563,651
Milam,24635,0,0,0,0,0,0,0,0,0,0,0,0,0,0,0,0,0,0,2,2,2,2,2,2,2,2,2,2,2,3,3,3,7,7,7,7,7,8,8,8,8,9,9,11,12,12,12,13,13,13,13,13,14,14,16,16,16,17,18,18,18,18,18,20,20,20,20,20,22,23,23,24,24,25,26,27,27,28,28,28,28,28,28,28,28,28,28,29,29,29,32,35,35,35,35,37,38,40,42,44,44,44,48,51,56,57,57,57,63,68,73,78,80,80,80,83
Mills,4870,0,0,0,0,0,0,0,0,0,0,0,0,0,0,0,0,0,0,0,0,0,0,0,0,0,0,0,0,0,0,0,0,0,0,0,0,0,0,0,0,0,0,0,0,0,0,0,0,0,0,0,0,0,0,0,0,0,0,0,0,0,0,0,0,0,0,1,0,0,0,0,0,0,1,1,1,1,1,1,1,1,1,1,1,1,1,1,1,1,1,1,1,1,1,1,1,1,1,1,1,1,1,1,1,1,1,1,1,1,1,1,1,1,1,1,1
Mitchell,9865,0,0,0,0,0,0,0,0,0,0,0,0,0,0,0,0,0,0,0,0,0,0,0,0,0,0,0,0,0,0,0,1,1,1,1,1,1,1,1,1,1,1,1,1,1,1,1,1,1,1,1,1,1,1,1,1,1,1,1,1,1,1,1,1,1,1,1,1,1,1,1,1,1,1,1,1,1,1,1,1,1,1,1,1,1,1,1,1,1,1,1,1,1,1,1,1,2,2,2,2,2,2,2,2,2,2,2,2,3,3,4,4,4,4,4,5
Montague,19199,0,0,0,0,0,0,0,0,0,0,0,0,0,0,0,0,0,0,0,0,1,1,1,1,1,1,1,1,1,1,1,1,1,1,1,2,2,2,5,5,5,5,5,5,5,6,6,6,6,6,6,6,6,6,6,6,6,6,7,8,9,9,9,9,9,9,9,9,9,9,9,9,9,9,9,9,9,9,9,9,9,9,9,9,9,9,9,9,9,9,9,9,9,9,9,9,9,9,9,9,9,9,9,9,12,12,12,12,14,17,17,17,17,17,17,18
Montgomery,613951,0,0,0,0,0,0,1,1,3,3,3,3,3,4,4,4,4,19,23,31,41,47,64,66,81,93,110,110,130,142,149,161,197,210,231,245,251,251,266,308,331,350,370,377,377,393,417,440,467,496,506,506,530,562,582,602,629,634,634,640,662,672,689,699,699,699,724,742,758,773,798,798,798,817,848,861,881,888,888,888,888,913,926,940,954,954,954,966,1010,1033,1053,1064,1064,1064,1090,1122,1162,1197,1258,1258,1258,1300,1359,1428,1484,1555,1555,1555,1647,1737,1831,1889,1952,1952,1952,2028
Moore,21575,0,0,0,0,0,0,0,0,0,0,0,0,0,0,0,0,0,0,0,0,0,0,0,1,1,1,6,6,6,6,6,7,9,15,21,21,22,22,36,52,59,75,99,106,121,139,162,172,186,192,252,272,294,295,327,350,363,399,399,434,448,454,487,494,527,526,535,521,534,540,544,552,567,575,579,579,508,511,512,513,514,518,565,602,604,686,689,838,840,844,851,852,852,852,864,864,866,871,873,873,873,872,872,876,877,877,877,879,881,881,886,888,888,888,888,889
Morris,12448,0,0,0,0,0,0,0,0,0,0,0,0,0,0,0,0,0,1,1,1,1,1,1,1,1,1,1,1,1,1,1,1,1,2,3,3,3,3,3,3,3,4,4,5,5,5,5,5,5,5,5,5,5,5,5,5,8,9,9,9,9,9,9,9,9,9,9,9,10,10,11,11,11,13,14,15,17,17,17,17,21,22,27,28,26,26,26,26,25,27,27,27,27,27,27,27,28,28,30,31,31,31,31,31,31,33,34,34,35,37,37,37,37,37,38,38
Motley,1172,0,0,0,0,0,0,0,0,0,0,0,0,0,0,0,0,0,0,0,0,0,0,0,0,0,0,0,0,0,0,0,0,0,0,0,0,0,1,1,1,1,1,1,1,1,1,1,1,1,1,1,1,1,1,1,1,1,1,1,1,1,1,1,1,1,1,1,1,1,1,1,1,1,1,1,1,1,1,1,1,1,1,1,1,1,1,1,1,1,1,1,1,1,1,1,1,1,1,1,1,1,1,1,1,1,1,1,1,1,1,1,1,1,1,1,1
Nacogdoches,64106,0,0,0,0,0,0,0,0,0,0,0,0,0,0,0,0,0,0,0,1,1,1,2,2,2,4,5,12,15,16,18,21,25,25,29,30,47,48,56,64,69,75,88,89,91,96,98,110,115,115,125,125,141,141,157,160,172,172,174,187,189,202,202,202,206,211,221,224,227,229,233,238,239,241,243,244,255,255,257,257,257,261,271,270,287,287,288,290,294,298,301,301,304,304,305,315,317,317,324,324,324,326,329,337,341,343,345,346,349,353,360,370,379,381,381,397
Navarro,47985,0,0,0,0,0,0,0,0,0,0,0,0,0,0,0,0,0,0,0,0,1,1,1,3,3,4,4,5,5,4,4,4,4,10,11,12,12,12,16,16,18,20,20,20,20,23,24,25,26,28,28,28,28,30,30,31,31,31,31,31,33,34,36,36,36,36,36,37,37,38,38,38,38,38,40,40,42,44,44,44,45,49,49,50,55,56,56,57,58,61,64,66,66,66,70,70,74,84,87,87,87,98,98,101,116,120,120,120,148,156,170,177,185,185,185,230
Newton,13724,0,0,0,0,0,0,0,0,0,0,0,0,0,0,0,0,0,0,0,0,0,0,0,0,0,1,1,1,1,1,1,1,1,1,1,2,2,2,2,2,2,2,2,2,2,2,2,2,2,2,2,2,2,2,2,2,2,2,2,2,4,4,4,4,4,4,4,4,4,4,4,4,4,4,4,4,4,4,4,4,4,4,4,4,5,5,5,5,5,5,5,6,6,6,6,6,6,6,6,6,6,6,6,6,6,6,8,11,11,12,12,12,12,12,12,12
Nolan,15642,0,0,0,0,0,0,0,0,0,0,0,0,0,0,0,0,0,0,0,0,0,0,0,0,0,0,0,0,0,0,0,0,0,0,0,0,0,0,0,0,0,0,0,0,0,0,0,0,1,1,1,1,1,1,1,1,2,2,2,2,2,2,2,2,2,2,2,2,2,2,2,2,2,2,2,2,2,2,2,2,2,2,2,2,4,4,4,2,3,8,8,9,9,9,9,3,3,3,4,4,4,5,5,8,8,10,10,13,13,16,18,20,24,33,33,33
Nueces,383718,0,0,0,0,0,0,0,0,0,0,0,0,0,0,0,1,1,1,10,14,18,20,21,22,31,34,40,41,47,50,53,59,65,69,72,72,76,76,79,83,83,87,89,90,90,90,90,90,91,92,94,94,99,99,99,102,106,107,107,113,114,117,123,128,129,132,147,174,186,209,231,233,234,242,248,256,260,260,262,262,263,266,268,268,268,274,275,275,280,285,286,289,289,289,300,303,310,321,336,336,336,360,391,420,485,548,597,633,742,813,1028,1287,1499,1727,1915,2120
Ochiltree,11309,0,0,0,0,0,0,0,0,0,0,0,0,0,0,0,0,0,0,0,0,0,0,0,0,0,0,0,0,0,0,0,0,0,0,0,0,0,0,0,0,0,0,0,0,0,0,0,0,1,5,5,5,24,25,25,19,19,19,19,25,26,28,29,29,29,29,29,40,40,40,39,40,41,40,41,41,42,42,43,43,43,43,48,49,49,49,49,49,50,51,51,51,51,51,52,52,52,53,53,53,53,53,53,53,53,53,53,53,53,53,53,53,53,53,53,53
Oldham,2200,0,0,0,0,0,0,0,0,0,0,0,0,0,0,1,1,1,1,1,1,1,1,2,2,2,2,2,2,2,2,2,3,3,3,3,3,3,3,3,3,3,3,3,3,3,3,3,3,3,3,3,3,3,3,3,3,3,3,3,3,3,3,3,3,3,3,3,3,3,4,4,3,3,3,3,3,3,3,3,3,3,3,3,3,3,3,3,4,4,4,4,4,4,4,4,4,4,4,4,4,4,4,4,4,4,4,4,4,4,4,4,4,4,4,4,4
Orange,86155,0,0,0,0,0,0,0,0,0,0,0,0,0,0,0,0,0,0,1,1,1,1,1,5,5,7,7,7,12,22,22,26,29,30,30,33,44,44,45,46,47,48,48,49,49,58,59,59,63,64,64,64,64,70,70,71,71,71,71,77,79,81,81,85,85,85,85,84,84,87,87,87,87,87,89,89,94,96,96,96,96,96,96,98,98,98,98,98,98,101,101,100,100,100,100,102,102,105,106,106,106,107,118,126,135,143,143,143,155,164,166,191,198,198,198,212
Palo Pinto,27859,0,0,0,0,0,0,0,0,0,0,0,0,0,0,0,0,0,0,0,0,0,0,0,0,0,0,1,1,1,1,1,2,3,4,4,4,4,4,5,5,6,6,6,6,7,7,7,7,7,7,7,7,7,7,7,7,8,8,8,8,9,9,9,9,9,9,9,9,9,9,9,9,9,9,10,10,10,10,10,10,11,11,11,13,13,13,13,13,13,13,13,13,13,13,13,13,14,14,14,14,14,14,14,14,14,14,14,14,14,17,17,17,17,17,17,19
Panola,24576,0,0,0,0,0,0,0,0,0,0,0,0,0,0,0,0,0,0,0,0,0,0,0,0,0,0,3,4,4,4,4,4,4,7,10,10,10,13,20,22,32,35,37,37,38,42,49,61,70,70,76,78,80,80,107,128,133,133,135,135,136,139,138,138,142,144,149,149,155,158,159,162,162,162,164,164,165,166,171,172,172,173,174,175,178,179,180,180,181,213,213,213,214,214,214,214,214,216,216,219,221,187,188,191,191,193,193,194,195,196,200,200,205,205,209,209
Parker,135621,0,0,0,0,0,0,0,0,0,0,0,0,0,0,0,0,1,1,1,2,2,4,4,4,4,4,4,5,6,6,6,6,6,9,11,13,13,14,15,16,17,20,21,21,21,21,21,22,23,24,24,24,25,30,30,30,35,35,39,40,41,43,44,45,45,45,45,47,56,57,57,57,57,63,64,67,67,67,67,67,68,68,70,74,76,76,76,79,81,81,87,92,92,92,104,105,105,110,112,112,112,116,118,120,124,124,124,124,138,177,177,177,255,255,255,286
Parmer,9200,0,0,0,0,0,0,0,0,0,0,0,0,0,0,0,0,0,0,0,0,0,0,0,0,0,0,0,0,0,0,0,0,0,0,0,0,0,0,0,0,0,0,0,1,1,2,3,3,4,4,4,4,6,6,6,8,8,8,13,13,14,17,17,19,19,19,21,22,23,23,25,26,34,36,39,39,49,51,53,53,54,54,53,55,59,59,59,59,69,71,88,89,89,89,98,98,100,111,120,120,120,124,132,139,155,155,155,158,165,167,174,184,188,188,188,191
Pecos,16533,0,0,0,0,0,0,0,0,0,0,0,0,0,0,0,0,0,0,0,0,0,0,0,0,0,0,0,0,0,0,1,1,1,1,1,1,1,1,1,5,5,5,5,5,5,5,5,6,6,8,6,9,9,9,9,11,10,10,10,13,14,14,14,15,15,15,19,20,20,20,20,20,20,23,24,24,27,27,27,27,27,27,56,66,66,93,102,102,103,103,103,104,105,105,15,107,107,107,107,107,107,112,111,111,112,112,112,112,112,113,116,116,120,117,120,124
Polk,49080,0,0,0,0,0,0,0,0,0,0,0,0,0,0,0,0,0,0,0,0,0,0,1,1,4,4,4,7,7,7,8,8,8,8,8,9,9,9,11,11,14,14,14,14,14,15,15,17,18,18,18,18,18,19,19,20,20,20,20,30,30,30,35,35,35,35,40,40,46,47,47,47,47,50,50,52,52,52,52,52,52,53,54,55,56,56,56,60,60,60,60,61,61,61,61,62,62,65,65,65,65,71,72,73,73,75,75,75,85,88,95,106,106,106,106,113
Potter,122706,0,0,0,0,0,0,0,0,0,0,0,0,0,0,2,2,2,2,2,2,2,2,4,5,5,10,16,21,24,40,40,41,47,58,59,66,70,70,79,79,92,101,110,130,142,160,174,204,221,280,326,333,396,430,499,572,684,766,818,876,907,971,1027,1101,1124,1124,1179,1327,1421,1462,2080,2129,2129,2145,2193,2196,2202,2229,2238,2238,2238,2251,2266,2276,2317,2321,2321,2354,2432,2488,2504,2754,2756,2756,2763,2766,2778,2783,2785,2785,2785,2789,2798,2811,2819,2822,2822,2822,2831,2838,2843,2854,2858,2858,2858,2873
Presidio,5906,0,0,0,0,0,0,0,0,0,0,0,0,0,0,0,0,0,0,0,0,0,0,0,0,0,0,0,0,0,0,0,0,0,0,0,0,0,0,0,0,0,0,0,0,0,0,0,0,0,0,0,0,0,0,0,0,0,0,0,0,0,0,0,0,0,0,0,0,0,0,0,0,0,0,0,0,0,0,0,1,1,1,1,1,1,1,1,1,1,1,1,2,2,2,2,2,2,2,2,2,2,2,11,11,11,11,11,13,14,14,14,14,15,15,15,19
Rains,11378,0,0,0,0,0,0,0,0,0,0,0,0,0,0,0,0,0,0,0,0,0,0,0,0,0,0,0,0,0,0,0,0,0,0,1,1,1,1,1,2,2,2,2,2,2,2,2,2,2,2,2,2,2,2,2,2,2,2,2,2,2,2,2,2,2,2,2,2,2,2,2,2,2,2,2,3,3,3,3,3,3,3,3,3,3,3,3,3,4,4,4,4,4,4,4,4,4,4,5,5,5,5,6,6,7,8,8,8,8,8,8,8,8,8,8,12
Randall,138104,0,0,0,0,0,0,0,0,0,0,0,0,0,0,0,0,0,0,0,0,0,3,3,6,6,6,17,21,24,34,36,36,40,52,56,60,64,64,73,73,80,93,97,103,112,115,117,125,137,149,164,172,191,200,213,234,256,270,279,296,310,333,343,355,358,358,379,413,444,477,593,602,602,611,616,625,629,645,648,648,648,652,655,658,671,674,674,688,711,715,724,727,728,728,737,740,747,748,749,751,751,758,763,769,771,775,775,775,780,793,809,821,825,825,825,844
Reagan,4226,0,0,0,0,0,0,0,0,0,0,0,0,0,0,0,0,0,0,0,0,0,0,0,0,0,0,0,0,0,0,0,0,0,0,0,0,0,0,0,0,0,0,0,0,0,0,0,0,0,0,0,0,0,0,0,0,0,0,0,0,0,0,0,0,0,0,0,0,0,0,0,0,0,0,0,0,0,0,0,0,0,1,1,2,2,2,2,2,2,2,2,2,2,2,2,2,2,2,2,2,2,2,2,2,2,2,2,2,2,2,2,3,2,2,2,4
Real,3407,0,0,0,0,0,0,0,0,0,0,0,0,0,0,0,0,0,0,0,0,0,0,0,0,0,0,0,0,0,0,0,0,0,0,0,0,0,0,0,0,0,0,0,0,0,0,0,0,0,0,0,0,0,0,0,0,0,0,0,0,0,0,0,0,0,0,0,0,0,0,0,0,0,0,0,0,0,0,0,0,0,0,0,0,0,0,0,0,0,0,1,1,1,1,1,1,1,1,1,1,1,1,1,1,1,1,1,1,1,1,1,1,1,1,1,1
Red River,12610,0,0,0,0,0,0,0,0,0,0,0,0,0,0,0,0,0,0,0,0,0,0,0,0,0,0,0,0,0,0,0,0,0,0,0,0,0,0,0,0,1,1,1,1,1,1,1,1,1,1,1,1,1,1,1,1,1,1,1,1,1,2,3,3,9,9,27,28,33,35,35,35,35,36,40,42,44,46,46,47,48,50,50,50,66,70,70,72,74,76,76,78,79,79,81,83,86,89,93,93,93,95,95,95,96,99,99,99,99,99,101,105,105,105,105,110
Reeves,15707,0,0,0,0,0,0,0,0,0,0,0,0,0,0,0,0,0,0,0,0,0,0,0,0,0,0,0,0,0,0,0,0,0,0,0,0,0,0,0,0,0,0,0,0,0,0,0,0,0,0,0,0,0,0,0,0,0,0,0,0,0,0,1,1,1,1,1,1,1,3,3,3,3,3,3,5,5,5,5,7,7,7,7,7,7,7,7,7,7,7,8,8,8,8,11,11,11,12,12,12,12,14,14,14,14,14,14,14,15,17,18,19,19,19,20,29
Refugio,7573,0,0,0,0,0,0,0,0,0,0,0,0,0,0,0,0,0,0,0,0,0,0,0,0,0,0,0,0,0,0,0,0,0,0,0,0,0,0,0,0,0,0,0,0,0,0,0,0,0,0,0,0,0,0,0,0,0,0,1,1,1,1,1,1,1,1,2,3,3,3,3,3,3,3,3,3,3,3,3,3,3,3,3,3,3,3,3,3,3,3,3,3,3,3,5,5,5,5,5,5,5,6,6,6,6,6,6,6,6,9,10,10,10,10,12,12
Roberts,983,0,0,0,0,0,0,0,0,0,0,0,0,0,0,0,0,0,0,0,0,0,0,0,0,0,0,0,0,0,0,0,0,0,0,0,0,0,0,0,0,1,1,2,2,2,2,2,2,2,2,2,2,2,2,2,2,2,2,2,2,2,2,2,2,2,2,2,2,2,2,2,2,2,2,2,2,2,2,2,2,2,2,2,2,2,2,2,2,2,2,2,2,2,2,2,2,2,2,2,2,2,2,2,2,2,2,2,3,3,3,3,3,3,3,3,3
Robertson,16888,0,0,0,0,0,0,0,0,0,0,0,0,0,0,0,0,0,1,1,1,1,2,2,2,2,2,2,2,2,2,2,2,2,2,2,2,2,2,2,2,2,2,2,2,2,2,2,2,2,2,2,2,2,4,3,4,4,4,4,4,4,5,5,5,5,5,5,6,6,6,6,6,6,7,7,7,7,7,7,7,7,7,7,8,8,8,9,11,11,11,14,14,16,16,17,17,18,17,17,17,17,18,18,23,22,23,27,30,33,33,33,34,34,35,42,42
Rockwall,102243,0,0,0,0,0,0,0,0,0,0,0,0,0,0,0,0,0,0,0,2,3,3,4,4,5,9,10,10,11,10,10,11,14,14,16,20,20,22,24,30,30,32,34,34,36,40,48,48,49,51,51,56,58,75,75,75,85,85,88,91,95,96,100,100,100,104,113,116,123,125,134,134,134,136,143,147,151,151,151,151,155,156,159,164,167,167,167,171,171,176,181,183,183,183,189,194,199,203,204,204,204,213,216,222,228,228,228,228,231,276,276,276,331,331,331,360
Runnels,11009,0,0,0,0,0,0,0,0,0,0,0,0,0,0,0,0,0,0,0,0,0,0,0,0,0,0,0,0,0,0,0,0,0,0,0,0,0,0,0,0,0,0,0,0,0,0,0,0,0,0,0,0,1,1,1,1,2,2,2,2,2,2,2,2,2,2,2,2,2,2,2,2,2,2,2,2,2,2,2,2,2,2,2,3,3,3,3,2,2,2,3,3,3,3,3,2,2,2,2,2,2,2,2,2,3,3,3,3,3,5,5,5,5,5,5,7
Rusk,52767,0,0,0,0,0,0,0,0,0,0,0,1,1,1,1,1,1,1,1,2,2,2,3,3,3,5,6,7,11,12,11,12,14,14,14,14,16,15,16,17,24,25,27,27,27,27,28,28,30,30,32,32,33,33,35,36,36,36,36,38,39,40,40,40,40,40,40,40,40,40,42,42,42,42,42,42,42,42,43,43,44,44,45,45,52,55,55,56,57,59,60,63,64,64,67,65,68,68,70,70,128,232,233,241,245,250,250,250,253,253,262,265,264,264,266,268
Sabine,9936,0,0,0,0,0,0,0,0,0,0,0,0,0,0,0,0,0,0,0,0,0,0,0,0,0,0,0,0,0,0,0,0,0,0,0,0,0,0,0,0,1,1,1,1,1,1,1,1,1,1,1,1,1,1,1,1,1,1,1,1,1,2,2,2,2,2,3,3,3,3,3,3,3,4,4,4,4,5,5,5,5,5,6,6,14,14,15,15,15,15,15,15,15,15,15,15,15,15,15,15,15,15,15,15,15,18,19,19,21,21,21,21,21,23,23,24
San Augustine,8405,0,0,0,0,0,0,0,0,0,0,0,0,0,0,0,0,0,0,0,0,0,0,0,0,0,1,1,4,4,4,4,4,4,7,9,9,9,9,9,9,11,14,14,14,14,14,14,15,16,16,16,16,16,16,16,19,19,19,19,19,21,21,21,21,21,21,22,22,22,22,22,22,22,26,26,28,29,29,29,29,29,31,31,37,38,38,38,44,44,44,44,45,45,45,45,49,49,55,55,55,55,61,74,86,86,87,87,87,88,99,101,103,103,103,103,105
San Jacinto,28844,0,0,0,0,0,0,0,0,0,0,0,0,0,0,0,0,0,0,0,0,0,0,1,1,1,1,1,1,1,1,1,1,3,3,3,5,5,7,8,7,10,10,8,8,8,8,8,8,8,8,9,9,9,9,9,9,10,10,10,10,10,10,10,10,11,11,11,11,12,12,12,12,12,12,12,13,14,14,14,14,14,14,14,14,14,14,14,14,14,16,17,17,17,17,19,19,20,20,20,20,20,19,22,22,23,23,23,24,24,25,28,29,31,31,31,33
San Patricio,71325,0,0,0,0,0,0,0,0,0,0,0,0,0,0,0,0,0,0,0,1,1,1,1,1,1,2,2,3,4,5,2,2,7,7,7,7,7,7,9,8,8,8,8,8,8,8,9,11,11,12,12,12,13,12,12,12,12,12,13,13,14,16,16,18,20,22,22,22,23,25,25,26,26,26,26,28,28,28,28,28,28,29,32,33,33,33,33,36,36,36,38,38,39,39,41,41,41,41,41,41,41,48,48,62,66,66,66,66,80,85,96,101,109,109,109,133
San Saba,5873,0,0,0,0,0,0,0,0,0,0,0,0,0,0,0,0,0,0,0,0,0,0,0,0,0,0,0,0,0,0,0,0,0,0,0,0,0,0,0,0,0,0,0,0,0,0,0,0,0,0,0,0,0,0,0,0,0,0,0,0,0,0,0,0,0,0,0,0,0,0,0,0,0,1,1,1,1,1,1,1,1,1,1,1,1,1,1,1,1,1,1,1,1,1,1,1,1,1,2,2,2,2,2,2,2,2,2,3,4,4,4,4,4,4,4,4
Schleicher,3312,0,0,0,0,0,0,0,0,0,0,0,0,0,0,0,0,0,0,0,0,0,0,0,0,0,0,0,0,0,0,0,0,0,0,0,0,0,0,0,0,0,0,0,0,0,0,0,0,0,0,0,0,0,0,0,0,0,0,0,0,0,0,0,0,0,0,0,0,0,0,0,0,0,0,0,0,0,0,0,0,0,0,0,0,0,0,0,0,0,0,0,0,0,0,0,0,0,0,1,1,1,6,8,8,10,12,12,12,12,12,12,12,14,14,15,20
Scurry,18368,0,0,0,0,0,0,0,0,0,0,0,0,0,0,0,0,0,0,0,0,0,0,0,0,0,0,0,0,0,0,0,0,0,0,0,0,0,0,0,0,1,1,1,1,2,2,2,2,2,2,2,2,2,2,2,2,2,2,2,2,2,2,2,2,2,2,2,2,2,2,2,2,2,2,2,2,2,2,2,2,2,2,2,21,24,24,24,32,32,33,25,26,26,26,26,26,27,28,28,28,28,28,28,29,29,29,29,29,29,29,32,32,32,32,32,32
Shackelford,3405,0,0,0,0,0,0,0,0,0,0,0,0,0,0,0,0,0,0,0,0,0,0,0,0,0,0,0,0,0,0,0,0,0,0,0,0,0,0,0,0,0,0,0,0,0,0,0,0,0,0,0,0,0,0,0,0,0,0,0,0,0,1,1,1,1,1,1,1,1,1,1,1,1,1,1,1,1,1,1,1,1,1,1,1,1,1,1,1,1,1,1,1,1,1,1,1,1,1,1,1,1,1,1,1,1,1,1,1,1,1,1,1,1,1,1,1
Shelby,25545,0,0,0,0,0,0,0,0,0,0,0,0,0,0,0,0,0,0,0,0,1,1,1,2,2,2,4,10,11,11,11,13,17,23,31,34,34,36,40,46,51,53,60,60,60,69,69,85,86,86,97,98,101,101,106,117,117,117,117,129,131,144,149,149,152,152,158,163,167,172,173,175,175,175,177,180,183,183,183,183,183,187,189,189,201,201,201,203,207,213,213,213,213,213,214,215,224,226,227,229,230,230,230,235,241,253,254,254,259,260,263,266,275,275,275,277
Sherman,3276,0,0,0,0,0,0,0,0,0,0,0,0,0,0,0,0,0,0,0,0,0,0,0,0,0,0,0,0,0,0,0,0,0,0,0,0,0,0,0,0,4,6,7,7,7,7,9,10,10,11,12,14,14,14,15,17,17,18,18,18,18,19,20,20,23,23,23,23,23,23,23,23,23,23,23,23,21,21,21,21,21,22,23,24,24,24,24,27,27,27,28,28,28,28,28,28,28,28,28,28,28,28,28,30,30,30,30,30,30,30,30,30,30,30,30,30
Smith,235143,0,0,0,0,0,0,0,0,3,3,3,5,5,5,5,5,5,14,14,16,21,27,30,32,32,37,47,53,57,57,57,63,75,82,88,93,93,96,101,103,108,108,116,121,121,123,124,125,131,131,132,134,139,139,142,144,146,146,146,155,156,165,170,170,174,174,177,185,186,189,189,189,189,192,192,195,198,198,198,198,198,199,200,200,204,204,204,210,212,215,216,223,223,223,235,238,244,244,271,271,271,283,297,310,318,340,340,340,378,392,422,455,455,499,499,566
Somervell,9294,0,0,0,0,0,0,0,0,0,0,0,0,0,0,0,0,0,0,0,0,0,0,0,0,0,0,0,0,0,0,0,0,0,0,0,0,0,0,0,0,0,0,0,0,0,0,0,0,0,0,0,0,0,0,0,0,0,0,0,0,0,0,0,0,0,0,0,0,0,0,0,0,0,0,0,0,0,0,0,0,0,0,0,0,0,0,0,0,0,0,0,0,0,0,1,1,2,2,2,2,2,3,3,3,3,3,3,3,3,5,5,5,5,5,5,6
Starr,64731,0,0,0,0,0,0,0,0,0,0,0,0,0,0,0,0,0,0,0,0,2,2,2,2,2,4,5,5,5,6,7,7,7,7,7,7,7,7,7,7,7,7,7,7,7,7,7,7,7,7,7,7,8,9,9,9,9,9,9,10,10,10,14,14,14,14,14,14,14,16,17,17,17,19,22,22,22,24,24,24,24,26,27,33,33,33,34,36,37,42,44,50,52,52,57,61,68,88,102,112,119,135,159,186,203,224,244,319,334,355,373,407,475,496,551,578
Stephens,9570,0,0,0,0,0,0,0,0,0,0,0,0,0,0,0,0,0,0,0,0,0,0,0,0,0,0,0,0,0,0,0,0,0,0,1,1,1,1,1,1,1,1,1,1,1,1,1,1,1,1,1,1,1,1,1,1,1,1,1,1,1,1,1,1,1,1,1,2,2,2,2,2,2,2,2,2,2,2,2,2,4,4,4,4,4,4,4,4,4,4,4,4,4,4,4,4,4,4,5,5,5,5,5,5,5,5,5,5,5,7,7,7,7,7,7,8
Sterling,1252,0,0,0,0,0,0,0,0,0,0,0,0,0,0,0,0,0,0,0,0,0,0,0,0,0,0,0,0,0,0,0,0,0,0,0,0,0,0,0,0,0,0,0,0,0,0,0,0,0,0,0,0,0,0,0,0,0,0,0,0,0,0,0,0,0,0,0,0,0,0,0,0,0,0,0,0,0,0,0,0,0,0,0,0,0,0,0,0,0,0,0,0,0,0,0,0,0,0,0,0,0,0,0,0,0,0,0,0,0,0,0,0,0,0,0,0
Stonewall,1523,0,0,0,0,0,0,0,0,0,0,0,0,0,0,0,0,0,0,0,0,0,0,0,0,0,0,0,0,0,0,0,0,0,0,0,0,0,0,0,0,0,0,0,0,0,0,0,0,0,0,0,0,0,0,0,0,0,0,0,0,0,0,0,0,0,0,0,0,0,0,0,0,0,0,0,0,0,0,0,0,0,0,0,0,0,0,0,0,0,0,0,0,0,0,0,0,0,0,0,0,0,0,0,0,0,0,0,0,0,0,0,0,0,0,0,0
Sutton,4381,0,0,0,0,0,0,0,0,0,0,0,0,0,0,0,0,0,0,0,0,0,0,0,0,0,0,0,0,0,0,0,0,0,0,0,0,0,0,0,0,0,0,0,0,0,0,0,0,0,0,0,0,0,0,0,0,0,0,0,0,0,0,0,0,0,0,0,0,0,0,0,0,0,0,0,0,0,0,0,0,0,0,0,0,0,0,0,0,0,0,0,0,0,0,0,0,0,0,0,0,0,0,0,0,1,1,1,1,3,3,3,3,3,3,4,5
Swisher,7414,0,0,0,0,0,0,0,0,0,0,0,0,0,0,0,0,0,0,0,0,0,0,1,1,1,1,1,1,1,1,1,1,2,2,3,3,4,4,4,4,4,4,4,4,5,5,6,6,7,7,9,9,9,9,9,9,9,9,9,10,11,11,11,11,12,12,13,13,13,14,14,14,15,15,15,15,15,17,17,17,17,17,18,18,17,17,17,17,17,18,18,18,18,18,18,18,19,21,21,21,21,21,23,23,23,23,23,23,23,24,26,28,31,31,31,31
Tarrant,2143755,0,0,0,0,0,1,1,1,3,3,3,5,5,5,8,8,9,57,71,90,100,114,139,139,175,273,288,325,383,404,418,452,517,588,637,705,787,806,876,929,990,1093,1175,1229,1242,1249,1333,1430,1559,1706,1836,1947,2019,2088,2149,2246,2388,2503,2584,2624,2686,2813,2956,3127,3210,3695,3745,3810,4076,4211,4266,4350,4447,4559,4643,4711,4803,4899,4951,4977,4977,5039,5190,5294,5379,5463,5513,5534,5623,5761,5863,5985,6073,6150,6369,6433,6599,6824,7120,7253,7334,7498,7642,7822,8099,8331,8511,8955,9126,9386,9846,10363,10706,11083,11476,11739
Taylor,139457,0,0,0,0,0,0,0,0,0,0,0,0,0,0,0,0,0,0,0,0,1,2,7,7,11,14,14,18,23,27,31,31,38,43,51,55,59,61,68,74,79,89,126,142,144,144,164,185,191,203,216,222,255,277,291,319,327,348,349,356,378,206,207,208,208,208,210,213,214,215,217,217,217,222,225,224,228,228,228,230,230,230,231,232,234,235,236,241,241,242,245,246,246,246,247,248,249,252,252,255,255,255,259,261,268,278,282,289,298,313,318,327,339,346,352,366
Terrell,1054,0,0,0,0,0,0,0,0,0,0,0,0,0,0,0,0,0,0,0,0,0,0,0,0,0,0,0,0,0,0,0,0,0,0,0,0,0,0,0,0,0,0,0,0,0,0,0,0,0,0,0,0,0,0,0,0,0,0,0,0,0,0,0,0,0,0,0,0,0,0,0,0,0,0,0,0,0,0,0,0,0,0,0,0,0,0,0,0,0,0,0,0,0,0,0,0,0,0,0,0,0,0,0,0,0,0,0,0,1,1,1,1,1,1,1,2
Terry,13040,0,0,0,0,0,0,0,0,0,0,0,0,0,0,0,0,0,0,1,1,1,1,3,3,4,4,4,4,4,4,4,4,6,6,6,6,6,10,10,10,10,10,10,10,10,10,10,10,10,10,10,10,10,10,11,11,11,11,11,12,12,12,12,12,12,12,12,12,12,12,12,12,12,13,13,13,13,13,13,13,13,13,13,13,13,13,13,13,13,13,13,13,13,13,13,13,13,13,13,13,13,13,13,14,14,14,14,14,14,14,15,16,16,16,16,17
Throckmorton,1519,0,0,0,0,0,0,0,0,0,0,0,0,0,0,0,0,0,0,0,0,0,0,0,0,0,0,0,0,0,0,0,0,0,0,0,0,0,0,0,0,0,0,0,0,0,0,0,0,0,0,0,0,0,0,0,0,0,0,0,0,0,0,0,0,0,0,0,0,0,0,0,0,0,0,0,0,0,0,0,0,0,0,0,0,0,0,0,0,0,0,1,0,0,0,0,0,0,0,0,0,0,0,0,0,0,0,0,0,0,0,0,0,0,0,0,0
Titus,32953,0,0,0,0,0,0,0,0,0,0,0,0,0,0,0,0,0,0,0,0,0,0,0,0,0,0,0,1,1,1,1,2,2,4,6,6,6,6,7,8,8,8,8,9,9,11,12,12,15,15,15,15,15,15,16,17,17,20,20,21,23,27,29,29,35,35,37,59,74,83,96,96,102,129,142,189,221,245,246,251,321,347,443,464,446,451,458,467,481,500,511,541,541,541,558,562,572,580,626,627,629,633,635,636,645,652,656,657,663,665,665,677,683,683,697,702
Tom Green,123276,0,0,0,0,0,0,0,0,0,0,0,0,0,0,0,0,0,1,1,2,2,3,3,5,6,9,9,10,17,20,21,24,25,25,32,33,35,35,39,39,40,41,41,41,41,41,41,41,42,41,43,44,44,44,49,48,50,54,55,56,56,58,59,59,59,59,59,59,59,60,61,61,61,62,62,63,64,64,64,64,64,64,67,67,65,69,70,70,70,69,69,78,78,81,82,82,83,89,95,104,106,121,131,151,171,178,186,192,201,206,219,228,241,268,280,299
Travis,1291502,0,0,0,0,0,0,0,0,2,2,3,4,7,21,22,22,22,79,98,119,137,160,179,200,206,244,305,351,430,460,484,502,554,597,642,690,744,774,856,900,977,1029,1074,1092,1108,1174,1233,1263,1312,1379,1396,1412,1464,1539,1591,1654,1683,1714,1756,1816,1876,1946,2002,2071,2095,2127,2171,2235,2288,2345,2381,2425,2459,2537,2595,2644,2712,2761,2788,2847,2933,2984,3057,3124,3186,3232,3272,3360,3433,3501,3562,3616,3662,3697,3815,3976,4109,4238,4314,4461,4545,4664,4771,4991,4991,5286,5704,6210,6339,6596,6914,7097,7097,7825,8461,8969
Trinity,14233,0,0,0,0,0,0,0,0,0,0,0,0,0,0,0,0,0,0,0,0,0,0,0,0,0,0,0,0,2,2,2,2,2,3,3,3,3,3,4,4,7,7,7,7,7,7,7,7,8,8,8,8,8,8,8,8,8,8,8,9,10,10,11,11,11,11,11,11,11,11,11,11,11,11,11,11,13,13,13,13,13,13,13,13,14,15,15,15,15,20,20,20,20,20,22,22,22,22,22,22,22,17,20,21,21,22,23,23,24,26,28,28,32,32,32,32
Tyler,21343,0,0,0,0,0,0,0,0,0,0,0,0,0,0,0,0,0,0,0,0,0,0,0,0,0,0,0,0,1,1,1,1,1,1,1,2,2,2,2,3,4,4,5,5,6,6,6,6,6,6,6,6,6,6,6,6,6,6,6,7,7,7,7,7,7,7,7,7,7,7,9,9,9,10,10,10,10,11,11,11,11,11,11,11,12,12,12,12,12,14,14,15,16,16,16,16,16,16,16,16,16,14,14,14,14,18,18,18,20,21,21,21,21,25,25,25
Upshur,41655,0,0,0,0,0,0,0,0,0,0,0,0,0,0,0,0,0,1,1,1,1,1,1,2,2,2,3,3,3,3,3,5,6,6,6,6,8,8,9,9,9,9,9,9,9,9,12,12,13,13,13,13,13,13,14,15,15,15,15,15,16,16,17,17,17,17,17,17,17,18,18,18,18,18,18,18,18,18,18,18,19,19,20,21,26,26,26,27,28,28,30,31,31,31,35,35,35,37,37,37,38,41,42,41,41,41,43,43,44,46,46,46,46,46,46,53
Upton,3983,0,0,0,0,0,0,0,0,0,0,0,0,0,0,0,0,0,0,0,0,0,0,0,0,0,0,0,0,0,0,0,0,0,0,0,0,0,0,0,0,0,0,0,0,0,0,0,0,0,0,0,0,0,0,0,0,0,0,0,0,0,0,0,0,0,0,0,0,0,0,0,0,0,0,0,0,0,0,0,0,0,0,0,0,0,0,0,0,0,0,0,0,0,0,0,0,0,0,0,0,1,0,0,0,1,1,1,1,2,2,2,2,2,2,2,3
Uvalde,27937,0,0,0,0,0,0,0,0,0,0,0,0,0,0,0,0,0,0,0,0,1,1,2,2,2,4,4,4,4,4,5,5,5,6,7,6,6,6,6,6,6,6,6,6,6,6,6,6,6,6,6,6,6,6,6,6,6,6,6,6,6,6,6,6,6,6,6,6,6,6,6,6,6,6,6,6,6,6,6,6,6,6,6,7,11,12,12,14,16,18,17,17,17,17,17,21,22,24,24,25,26,26,29,30,31,36,37,38,41,42,48,58,62,70,73,80
Val Verde,48253,0,0,0,0,0,0,0,0,0,0,0,0,0,0,0,0,0,0,0,1,2,4,5,5,5,5,5,5,5,5,5,6,6,6,6,10,10,10,12,12,12,12,12,12,12,12,12,12,12,12,12,12,12,12,12,12,13,13,13,13,13,13,13,13,13,13,13,13,13,13,13,13,13,13,13,13,13,13,13,13,14,14,14,18,18,18,18,21,21,21,21,21,21,21,21,21,21,21,21,21,21,21,21,39,39,59,59,59,85,85,85,108,108,108,108,108
Van Zandt,55469,0,0,0,0,0,0,0,0,0,0,0,0,0,0,0,0,0,1,1,1,1,1,1,2,2,2,3,3,4,4,4,5,7,7,10,10,10,10,10,10,11,11,12,12,12,12,13,13,13,13,13,13,14,14,14,15,16,16,16,16,18,18,18,18,18,18,18,22,22,22,22,22,22,23,24,25,26,26,26,26,26,30,30,30,31,31,31,34,35,35,37,39,39,39,40,41,44,44,46,46,46,52,53,52,54,54,54,54,59,59,65,71,71,78,78,85
Victoria,97744,0,0,0,0,0,0,0,0,0,0,0,0,0,0,0,0,0,0,0,3,3,3,3,6,9,16,20,27,32,32,35,50,59,66,73,76,77,81,87,89,89,89,89,93,93,95,96,105,105,114,117,121,127,127,132,137,139,139,139,143,146,146,146,148,150,150,150,150,154,154,154,154,156,157,157,157,157,157,157,157,157,157,159,160,160,160,160,160,162,167,170,170,170,170,174,180,184,184,197,199,199,202,207,223,241,241,241,241,309,346,372,372,480,480,480,480
Walker,73997,0,0,0,0,0,0,0,0,0,0,0,0,0,0,0,0,0,0,1,3,3,3,3,3,3,5,7,5,10,10,10,10,10,11,13,17,17,21,38,38,58,67,68,77,73,95,95,136,151,164,164,192,200,212,245,269,269,298,298,293,303,315,332,337,340,342,342,393,363,373,405,421,423,442,552,430,435,462,474,475,475,716,869,869,945,1455,1456,1574,1730,1801,1843,1850,1851,1851,1868,1842,1866,1868,1870,1871,1878,1873,1879,1885,1890,1905,1912,1912,1928,1950,1960,1950,1961,1967,1981,1991
Waller,50731,0,0,0,0,0,0,0,0,0,0,0,0,0,0,0,0,0,0,0,0,0,0,3,3,3,3,5,7,8,8,9,11,11,12,13,14,15,16,18,20,22,23,22,24,24,24,27,25,25,28,29,29,31,30,32,33,33,33,33,33,36,37,36,38,37,37,38,37,37,38,39,40,40,43,45,45,45,47,49,53,53,56,55,56,57,57,62,63,63,64,65,68,72,72,77,85,86,90,85,88,90,92,99,100,104,106,110,114,119,128,132,132,133,145,149,152
Ward,13592,0,0,0,0,0,0,0,0,0,0,0,0,0,0,0,0,0,0,0,0,0,0,0,0,0,0,0,0,0,0,0,0,0,0,0,0,0,0,0,0,0,0,0,0,0,0,0,0,0,0,0,0,0,0,0,0,0,0,0,0,0,0,0,0,0,0,0,0,0,0,0,0,0,0,0,0,0,1,1,1,1,1,1,1,1,1,1,1,1,1,1,1,1,1,2,2,2,4,4,4,4,7,7,7,7,8,8,8,8,9,11,12,14,14,14,19
Washington,35155,0,0,0,0,0,0,0,0,0,0,0,0,0,0,0,0,0,0,0,0,0,5,5,8,8,17,17,17,17,17,17,21,23,28,34,36,37,37,37,41,46,47,50,52,61,67,71,77,78,103,113,113,136,140,142,144,145,145,145,147,150,153,156,164,164,164,170,175,175,179,181,181,181,184,186,187,189,193,193,193,193,196,197,198,202,202,202,205,204,206,206,206,207,207,208,213,214,216,218,218,218,218,219,222,222,224,229,235,239,241,244,247,260,261,265,267
Webb,276183,0,0,0,0,0,0,0,0,0,0,1,1,1,1,3,4,4,5,8,10,13,19,25,32,37,45,57,65,83,98,106,122,135,155,166,171,191,196,206,223,239,245,253,267,280,281,295,302,321,338,340,345,346,349,358,363,368,385,391,396,400,410,414,424,434,435,437,444,445,451,469,477,477,479,492,498,500,502,511,516,516,521,524,535,540,546,548,551,552,565,574,594,594,594,608,634,652,661,675,675,675,718,756,803,854,874,874,929,948,1003,1045,1101,1212,1262,1457,1503
Wharton,41941,0,0,0,0,0,0,0,0,0,0,0,0,0,0,0,0,0,0,3,3,3,3,6,6,6,7,9,9,9,9,12,17,17,18,20,23,26,27,28,31,32,32,34,34,34,36,36,36,36,36,37,36,36,36,37,37,37,37,39,40,40,40,41,41,41,41,42,42,42,42,42,42,43,44,46,45,44,44,45,50,55,56,57,57,57,58,58,64,68,70,73,75,76,76,84,86,87,89,92,94,94,98,98,99,114,115,118,118,120,144,147,163,181,189,192,197
Wheeler,5783,0,0,0,0,0,0,0,0,0,0,0,0,0,0,0,0,0,0,0,0,0,0,0,0,0,0,0,0,0,0,0,0,0,0,0,0,0,0,0,0,0,0,0,0,0,0,1,1,3,3,5,5,5,7,7,7,8,9,9,11,12,12,13,13,14,14,14,14,14,14,14,14,14,14,15,15,15,15,15,15,15,15,15,15,15,15,15,15,15,15,15,15,15,15,15,15,15,15,15,15,15,15,16,16,16,16,16,16,16,16,16,16,16,16,16,16
Wichita,133138,0,0,0,0,0,0,0,0,0,0,0,0,0,1,3,3,4,5,5,8,12,15,26,28,30,38,38,44,46,46,47,48,48,50,53,54,56,56,56,56,57,57,58,59,60,60,62,62,62,62,62,62,63,64,65,65,65,65,65,68,70,70,71,74,75,75,75,76,77,78,78,78,78,80,82,82,82,82,82,82,82,84,84,84,84,84,84,85,85,85,87,87,87,87,90,90,92,93,99,99,99,117,120,137,150,169,169,169,201,230,250,270,270,300,300,318
Wilbarger,13038,0,0,0,0,0,0,0,0,0,0,0,0,0,0,0,0,0,0,0,0,0,0,0,0,0,0,0,0,0,0,0,0,0,0,0,0,0,0,1,1,1,1,1,1,1,1,1,1,1,1,1,1,1,1,1,1,1,1,1,1,2,2,2,2,2,2,2,2,2,5,5,5,5,6,6,6,6,6,6,6,6,6,6,7,7,7,7,7,7,7,7,7,7,7,7,7,7,7,7,7,7,7,7,7,7,7,7,7,8,9,9,9,9,9,9,10
Willacy,22134,0,0,0,0,0,0,0,0,0,0,0,0,0,0,0,0,0,0,0,0,1,1,2,2,2,2,3,5,5,5,5,5,7,5,5,5,5,5,5,6,7,7,8,8,8,9,10,10,10,13,13,13,13,13,13,13,13,13,13,13,13,14,14,14,14,14,14,14,14,14,14,14,14,14,15,15,14,14,14,14,14,15,14,15,16,16,18,21,21,21,26,35,37,37,42,45,48,52,54,56,59,61,65,71,75,82,87,93,103,114,118,125,129,137,151,154
Williamson,589914,0,0,0,0,0,0,0,0,0,0,0,0,2,8,8,9,13,14,19,22,27,34,37,37,42,50,55,63,71,76,77,81,87,97,103,110,113,117,119,124,128,140,146,151,155,156,158,167,182,206,211,262,287,287,293,301,306,313,323,328,333,341,352,361,368,377,380,397,424,442,451,463,481,486,501,513,520,528,541,553,565,584,588,596,605,612,621,630,636,649,660,672,684,691,698,745,763,787,820,862,904,960,1021,1068,1114,1159,1237,1337,1411,1498,1614,1702,1770,1850,2019,2100
Wilson,51802,0,0,0,0,0,0,0,0,0,0,0,0,0,0,0,0,0,0,1,1,1,2,2,2,3,5,5,6,6,6,6,7,8,9,10,10,11,11,11,12,13,19,19,21,21,22,23,25,25,26,29,29,29,31,32,32,33,33,33,34,34,34,34,34,35,36,36,36,36,36,36,36,36,37,37,38,38,38,38,38,38,38,38,38,38,38,38,40,41,41,44,44,45,45,45,46,46,50,52,52,52,53,53,55,65,69,72,72,76,80,83,83,88,86,86,98
Winkler,9295,0,0,0,0,0,0,0,0,0,0,0,0,0,0,0,0,0,0,0,0,0,0,0,0,0,0,0,0,0,0,0,0,0,0,1,1,1,1,1,2,2,3,3,3,3,3,3,3,3,3,3,3,3,3,3,3,3,3,3,3,3,3,3,3,3,3,3,3,3,3,3,3,3,3,3,3,3,3,3,3,3,3,3,3,3,3,3,3,3,3,3,3,3,3,3,3,3,4,4,4,4,4,4,5,6,6,6,6,6,8,10,12,14,14,16,21
Wise,65807,0,0,0,0,0,0,0,0,0,0,0,0,0,0,0,0,0,0,0,0,0,0,0,1,1,3,3,3,3,3,3,3,3,3,4,5,5,5,5,7,7,8,9,9,9,12,13,14,14,15,15,15,15,17,17,17,24,24,26,27,28,28,28,30,30,30,31,35,36,36,36,36,36,38,38,42,42,42,42,42,45,45,45,45,46,46,46,47,47,50,52,52,52,52,53,55,55,55,56,56,56,56,58,62,62,62,62,62,63,88,88,88,90,90,90,104
Wood,45292,0,0,0,0,0,0,0,0,0,0,0,0,0,0,0,0,0,0,0,0,0,0,0,0,0,1,1,1,1,2,3,4,4,4,5,5,5,5,6,6,6,6,6,6,6,6,6,6,7,7,7,7,7,7,8,9,10,10,10,11,11,11,13,13,14,14,15,15,15,17,18,18,18,22,22,22,22,23,23,23,23,25,26,27,29,29,29,33,38,40,40,49,49,49,51,51,51,51,53,53,53,56,62,66,70,71,71,71,76,77,77,78,78,80,80,82
Yoakum,9225,0,0,0,0,0,0,0,0,0,0,0,0,0,0,0,0,0,0,0,0,0,0,0,0,0,0,0,0,0,0,0,0,0,0,0,0,0,0,0,0,0,0,1,1,1,1,1,1,1,1,1,1,1,1,1,1,1,1,1,2,2,2,2,2,2,2,2,2,2,2,2,2,2,2,3,3,3,3,3,3,3,3,3,3,3,3,3,3,3,3,3,3,3,3,5,8,8,8,9,9,9,10,10,11,11,13,13,13,15,15,19,21,21,21,21,24
Young,18712,0,0,0,0,0,0,0,0,0,0,0,0,0,0,0,0,0,0,0,0,1,1,1,1,1,3,3,3,3,3,3,3,3,3,3,3,3,3,3,4,4,4,4,4,4,4,4,4,4,4,4,4,4,4,4,4,4,4,4,4,4,4,4,4,4,4,4,4,4,4,4,4,4,4,4,4,4,4,4,4,4,4,4,4,4,4,4,4,4,4,6,6,6,6,6,11,13,14,15,15,15,15,15,15,16,16,16,16,17,22,22,22,22,22,22,24
Zapata,14409,0,0,0,0,0,0,0,0,0,0,0,0,0,0,0,0,0,0,0,0,0,0,0,0,0,0,0,0,0,0,0,1,1,3,3,3,3,3,3,4,4,6,6,6,6,6,7,7,7,7,7,7,7,7,7,7,7,7,7,7,7,7,7,7,7,7,7,7,7,7,7,7,7,7,8,8,8,8,8,8,8,8,8,8,9,9,9,10,11,11,11,11,12,12,12,12,12,14,14,15,15,23,24,31,31,32,33,33,40,40,41,42,44,45,45,47
Zavala,12682,0,0,0,0,0,0,0,0,0,0,0,0,0,0,0,0,0,0,0,0,0,0,0,0,0,0,0,0,0,0,0,0,0,0,0,0,0,0,0,0,0,1,1,1,1,1,1,1,1,1,1,1,1,1,1,1,1,1,1,1,1,1,1,2,2,2,7,9,9,9,9,9,9,9,10,11,11,11,11,11,11,11,11,11,11,11,11,12,12,12,12,12,12,12,12,12,12,12,13,13,13,13,13,13,13,13,13,13,14,16,17,18,19,19,19,21
Total,29677668,0,0,5,12,15,18,22,22,56,56,63,82,108,175,235,263,287,712,975,1394,1731,2048,2552,2874,3266,3996,4665,5324,6112,6793,7273,8261,9353,10230,11671,12561,13484,13906,14624,15492,16455,17371,18260,18923,19458,20196,21069,21944,22806,23773,24631,25297,26171,27054,28087,29229,30522,31548,32332,33369,34422,35390,36609,37860,38869,39869,41048,42403,43851,45198,46999,47784,48693,49912,51323,52268,53449,54509,55348,55971,56560,57921,59776,61006,62338,64287,64880,66568,68271,69920,71613,73553,74978,75616,77253,79757,81583,83680,86011,87854,89108,93206,96335,99851,103305,107735,111601,114881,120370,125921,131917,137624,143366,148723,153011,159986
Counties Reporting Cases,.,0,0,2,3,4,6,7,7,17,17,20,23,27,34,41,43,46,65,82,92,104,110,118,122,122,135,143,145,151,152,156,161,167,170,176,177,177,178,181,184,191,192,194,197,198,198,200,202,204,204,204,205,207,207,209,210,212,212,213,216,216,217,219,219,219,219,220,219,219,222,222,222,222,224,225,225,226,227,227,228,229,230,230,230,231,231,231,232,232,232,236,235,235,235,236,236,236,236,237,237,238,237,237,237,239,240,240,241,242,242,243,244,244,244,244,244
